00000202_undistorted_crop.jpg 4.06207180023 -0.234757423401 -35.1616821289
00000203_undistorted_crop.jpg 4.12843084335 -0.219832897186 -35.1578216553
00000204_undistorted_crop.jpg 4.14555168152 -0.208031654358 -35.1446418762
00000205_undistorted_crop.jpg 4.92853832245 0.218712508678 -35.2187690735
00000206_undistorted_crop.jpg 4.40503883362 -0.180541038513 -35.7406692505
00000207_undistorted_crop.jpg 4.53542900085 -0.117935180664 -35.913520813
00000208_undistorted_crop.jpg 4.80080318451 -0.0787296295166 -36.2395782471
00000209_undistorted_crop.jpg 5.20527267456 1.71661376953e-05 -36.7703018188
00000210_undistorted_crop.jpg 5.746342659 -0.0302610397339 -37.200553894
00000211_undistorted_crop.jpg 6.11266994476 0.0420236587524 -37.380065918
00000212_undistorted_crop.jpg 6.23852968216 0.0342502593994 -37.3810882568
00000213_undistorted_crop.jpg 6.23179340363 0.0584259033203 -37.2772026062
00000214_undistorted_crop.jpg 6.15397930145 0.0772233009338 -37.1036720276
00000215_undistorted_crop.jpg 5.79023551941 0.0967047214508 -36.4779319763
00000216_undistorted_crop.jpg 5.33500432968 0.182833433151 -35.4680023193
00000217_undistorted_crop.jpg 5.350045681 0.264212369919 -34.6601753235
00000218_undistorted_crop.jpg 5.7124080658 0.31761598587 -33.9742736816
00000219_undistorted_crop.jpg 6.3577837944 0.0469999313354 -33.5270843506
00000220_undistorted_crop.jpg 7.32468032837 -0.105564594269 -32.8224754333
00000221_undistorted_crop.jpg 8.5865688324 0.208432197571 -31.9046497345
00000222_undistorted_crop.jpg 10.3245716095 0.382190704346 -30.8962421417
00000223_undistorted_crop.jpg 11.7288179398 0.202925920486 -29.9992389679
00000224_undistorted_crop.jpg 13.235291481 0.126544475555 -29.467716217
00000225_undistorted_crop.jpg 14.5467529297 0.300902843475 -28.6491203308
00000230_undistorted_crop.jpg 19.6249580383 0.968721389771 -23.6596813202
00000231_undistorted_crop.jpg 19.8770923615 0.775239944458 -22.6369533539
00000232_undistorted_crop.jpg 20.0328712463 0.882677078247 -21.551733017
00000233_undistorted_crop.jpg 20.0957946777 0.700315475464 -20.5837898254
00000234_undistorted_crop.jpg 19.6356124878 0.726961135864 -19.7134075165
00000235_undistorted_crop.jpg 18.818447113 0.729165077209 -18.7091522217
00000236_undistorted_crop.jpg 18.1406459808 0.68744468689 -17.7543525696
00000237_undistorted_crop.jpg 17.423242569 0.748296737671 -16.8686408997
00000238_undistorted_crop.jpg 16.914806366 0.717812538147 -15.7582988739
00000239_undistorted_crop.jpg 16.6157875061 0.726793766022 -15.2075719833
00000240_undistorted_crop.jpg 16.4823226929 0.740942716599 -14.2707633972
00000241_undistorted_crop.jpg 16.5451107025 0.772386729717 -13.6295318604
00000242_undistorted_crop.jpg 16.6875400543 0.680640697479 -13.0992498398
00000243_undistorted_crop.jpg 16.7851295471 0.679910421371 -12.7312088013
00000244_undistorted_crop.jpg 16.8663272858 0.684317350388 -12.5638303757
00000245_undistorted_crop.jpg 16.9903850555 0.710754871368 -12.358335495
00000246_undistorted_crop.jpg 17.2193202972 0.644416332245 -11.9397945404
00000247_undistorted_crop.jpg 17.5711669922 0.619110584259 -11.6371765137
00000248_undistorted_crop.jpg 17.8662128448 0.665575504303 -11.499499321
00000249_undistorted_crop.jpg 17.9320755005 0.697165489197 -11.4359846115
00000250_undistorted_crop.jpg 17.8587493896 0.710483074188 -11.3876466751
00000251_undistorted_crop.jpg 17.7784042358 0.742300987244 -11.3275718689
00000252_undistorted_crop.jpg 17.7350578308 0.761951446533 -11.296505928
00000253_undistorted_crop.jpg 17.7369117737 0.7657995224 -11.2979440689
00000254_undistorted_crop.jpg 17.7456645966 0.780391693115 -11.3037366867
00000255_undistorted_crop.jpg 17.749961853 0.789392948151 -11.2978143692
00000256_undistorted_crop.jpg 17.7332801819 0.80163526535 -11.2797679901
00000257_undistorted_crop.jpg 17.7512397766 0.790768384933 -11.2939043045
00000258_undistorted_crop.jpg 17.757730484 0.844938755035 -11.31944561
00000259_undistorted_crop.jpg 17.8156490326 0.858353376389 -11.3546590805
00000260_undistorted_crop.jpg 17.8293361664 0.846432209015 -11.3696727753
00000261_undistorted_crop.jpg 17.8209991455 0.846078157425 -11.3583507538
00000262_undistorted_crop.jpg 17.7790031433 0.869603633881 -11.3553628922
00000263_undistorted_crop.jpg 17.7712097168 0.813395738602 -11.3376626968
00000264_undistorted_crop.jpg 17.7295398712 0.826289653778 -11.3346862793
00000265_undistorted_crop.jpg 17.7290935516 0.835648536682 -11.3309020996
00000266_undistorted_crop.jpg 17.7131481171 0.808805704117 -11.3448400497
00000267_undistorted_crop.jpg 17.70262146 0.771441221237 -11.3412408829
00000268_undistorted_crop.jpg 17.71118927 0.76625084877 -11.2983798981
00000269_undistorted_crop.jpg 17.7349224091 0.781267404556 -11.2939176559
00000270_undistorted_crop.jpg 17.7495365143 0.785334348679 -11.3100366592
00000271_undistorted_crop.jpg 17.7618751526 0.792617797852 -11.3136415482
00000272_undistorted_crop.jpg 17.7730751038 0.810334682465 -11.3022403717
00000273_undistorted_crop.jpg 17.7858829498 0.824048757553 -11.3047437668
00000274_undistorted_crop.jpg 17.8190364838 0.815173149109 -11.3465957642
00000275_undistorted_crop.jpg 17.9087715149 0.818417549133 -11.3813333511
00000276_undistorted_crop.jpg 17.9621620178 0.807005882263 -11.3829040527
00000277_undistorted_crop.jpg 17.9519920349 0.812719345093 -11.3727693558
00000278_undistorted_crop.jpg 17.8933925629 0.778751373291 -11.4156885147
00000279_undistorted_crop.jpg 17.8446426392 0.8134765625 -11.4363994598
00000280_undistorted_crop.jpg 17.7393531799 0.827864170074 -11.4662036896
00000281_undistorted_crop.jpg 17.6633796692 0.928955435753 -11.4381694794
00000282_undistorted_crop.jpg 17.6572608948 0.924477815628 -11.5078392029
00000283_undistorted_crop.jpg 17.5630645752 0.93983399868 -11.4401597977
00000284_undistorted_crop.jpg 17.3236713409 0.811728894711 -11.6264762878
00000286_undistorted_crop.jpg 16.2177219391 0.379327774048 -11.6339035034
00000287_undistorted_crop.jpg 15.25872612 0.525512695312 -11.4163742065
00000288_undistorted_crop.jpg 14.6074209213 0.432147026062 -11.1970338821
00000289_undistorted_crop.jpg 13.862496376 0.650437355042 -10.5450925827
00000290_undistorted_crop.jpg 13.3392410278 0.707959651947 -9.7719783783
00000291_undistorted_crop.jpg 12.6583089828 0.701983451843 -9.17279338837
00000292_undistorted_crop.jpg 12.0350723267 0.827177047729 -8.75258255005
00000293_undistorted_crop.jpg 11.6532039642 0.751756668091 -8.36791419983
00000294_undistorted_crop.jpg 11.3554954529 0.715966939926 -8.06742477417
00000295_undistorted_crop.jpg 11.2359018326 0.739961385727 -7.96109437943
00000296_undistorted_crop.jpg 11.132730484 0.896523118019 -8.01681232452
00000297_undistorted_crop.jpg 10.9573469162 0.991265773773 -8.15981960297
00000298_undistorted_crop.jpg 10.8823680878 1.10435605049 -8.27519989014
00000299_undistorted_crop.jpg 10.8661289215 1.16660261154 -8.37676525116
00000300_undistorted_crop.jpg 10.8721847534 1.18218803406 -8.38753509521
00000301_undistorted_crop.jpg 10.8925256729 1.19235932827 -8.44200515747
00000302_undistorted_crop.jpg 10.9141969681 1.19914865494 -8.47567558289
00000303_undistorted_crop.jpg 10.907207489 1.20549309254 -8.46280765533
00000304_undistorted_crop.jpg 10.9194908142 1.0630607605 -8.3820400238
00000305_undistorted_crop.jpg 11.0298500061 0.90114068985 -8.27311897278
00000306_undistorted_crop.jpg 11.0108909607 0.808478116989 -8.24596691132
00000307_undistorted_crop.jpg 10.9587087631 0.800898313522 -8.2380695343
00000308_undistorted_crop.jpg 10.9520168304 0.816937923431 -8.22134971619
00000309_undistorted_crop.jpg 10.9495601654 0.825149536133 -8.18204212189
00000310_undistorted_crop.jpg 10.9763355255 0.814344167709 -8.13901233673
00000311_undistorted_crop.jpg 11.0338478088 0.801114797592 -8.12379837036
00000312_undistorted_crop.jpg 11.0395107269 0.819788217545 -8.09946346283
00000313_undistorted_crop.jpg 11.034488678 0.817865133286 -8.13133430481
00000314_undistorted_crop.jpg 11.0626859665 0.845520138741 -8.18155479431
00000315_undistorted_crop.jpg 11.01567173 0.850645303726 -8.22101974487
00000316_undistorted_crop.jpg 10.964840889 0.853259682655 -8.25281524658
00000317_undistorted_crop.jpg 10.9308853149 0.861025810242 -8.28143215179
00000318_undistorted_crop.jpg 10.9255809784 0.847109794617 -8.28974723816
00000319_undistorted_crop.jpg 10.9303388596 0.86222076416 -8.30527877808
00000320_undistorted_crop.jpg 10.947722435 0.845751881599 -8.30097866058
00000321_undistorted_crop.jpg 11.0196485519 0.849519848824 -8.19818687439
00000322_undistorted_crop.jpg 10.9553222656 0.929384112358 -8.13445472717
00000323_undistorted_crop.jpg 11.2240200043 0.844191074371 -7.95934295654
00000324_undistorted_crop.jpg 11.8662261963 0.711654424667 -7.81761837006
00000325_undistorted_crop.jpg 12.339764595 0.629528522491 -7.64934444427
00000326_undistorted_crop.jpg 12.5349674225 0.620706558228 -7.41174650192
00000327_undistorted_crop.jpg 12.5391263962 0.574048042297 -7.17480707169
00000328_undistorted_crop.jpg 12.6018018723 0.574339389801 -7.11036205292
00000329_undistorted_crop.jpg 12.6377048492 0.581532478333 -7.096159935
00000330_undistorted_crop.jpg 12.5930538177 0.574850559235 -7.0547375679
00000331_undistorted_crop.jpg 12.5789146423 0.583565950394 -7.09133052826
00000332_undistorted_crop.jpg 12.5277280807 0.606422901154 -7.12795352936
00000333_undistorted_crop.jpg 12.5101585388 0.604100465775 -7.14105892181
00000334_undistorted_crop.jpg 12.491230011 0.615296840668 -7.15360975266
00000335_undistorted_crop.jpg 12.4947814941 0.622102022171 -7.157081604
00000336_undistorted_crop.jpg 12.5301446915 0.622128248215 -7.13213777542
00000337_undistorted_crop.jpg 12.5737161636 0.628034591675 -7.09911823273
00000338_undistorted_crop.jpg 12.6069793701 0.618903398514 -7.07131385803
00000339_undistorted_crop.jpg 12.6230993271 0.615843296051 -7.07697248459
00000340_undistorted_crop.jpg 12.6305809021 0.617611169815 -7.11008548737
00000341_undistorted_crop.jpg 12.6191892624 0.623769283295 -7.12621164322
00000342_undistorted_crop.jpg 12.5933761597 0.628118038177 -7.15252161026
00000343_undistorted_crop.jpg 12.5722551346 0.627137184143 -7.16737604141
00000344_undistorted_crop.jpg 12.5441932678 0.633329391479 -7.17035865784
00000345_undistorted_crop.jpg 12.4955768585 0.628717660904 -7.1695766449
00000346_undistorted_crop.jpg 12.4561977386 0.673751592636 -7.1920042038
00000347_undistorted_crop.jpg 12.4425640106 0.675446271896 -7.18004512787
00000348_undistorted_crop.jpg 12.4528150558 0.660947799683 -7.16167259216
00000349_undistorted_crop.jpg 12.4270925522 0.679473638535 -7.18729114532
00000350_undistorted_crop.jpg 12.4330673218 0.681913852692 -7.22907590866
00000351_undistorted_crop.jpg 12.3930740356 0.710879325867 -7.33673763275
00000352_undistorted_crop.jpg 12.1701793671 0.832603693008 -7.52498722076
00000353_undistorted_crop.jpg 11.5594472885 1.00890111923 -7.83321666718
00000354_undistorted_crop.jpg 11.1611242294 1.03189003468 -8.07255935669
00000355_undistorted_crop.jpg 11.0447435379 1.00437986851 -8.1499004364
00000356_undistorted_crop.jpg 11.1616649628 0.966549634933 -8.15714836121
00000357_undistorted_crop.jpg 11.3578968048 0.884791493416 -8.03674125671
00000358_undistorted_crop.jpg 11.5026884079 0.855820775032 -8.0971364975
00000359_undistorted_crop.jpg 11.889623642 0.877841114998 -8.28087997437
00000360_undistorted_crop.jpg 12.4607143402 0.866415083408 -8.65890693665
00000361_undistorted_crop.jpg 12.9304761887 0.961410582066 -9.30145359039
00000362_undistorted_crop.jpg 13.1683158875 0.937196135521 -9.65976428986
00000363_undistorted_crop.jpg 13.0663394928 1.02154827118 -10.783413887
00000364_undistorted_crop.jpg 13.1297941208 0.997658967972 -11.2272472382
00000365_undistorted_crop.jpg 13.4544286728 1.02004337311 -11.7932529449
00000366_undistorted_crop.jpg 13.9049739838 1.07667350769 -12.5440196991
00000367_undistorted_crop.jpg 14.118265152 1.05199408531 -13.2659978867
00000368_undistorted_crop.jpg 14.1012916565 1.112205863 -13.8708496094
00000369_undistorted_crop.jpg 14.0946273804 0.962946653366 -14.4217767715
00000370_undistorted_crop.jpg 14.1287708282 1.00397896767 -14.9243106842
00000371_undistorted_crop.jpg 14.2072620392 1.0275349617 -15.1787576675
00000372_undistorted_crop.jpg 14.27085495 1.01751768589 -15.2428207397
00000373_undistorted_crop.jpg 14.2815752029 1.01909434795 -15.2189426422
00000374_undistorted_crop.jpg 14.3057765961 1.00379621983 -15.2196874619
00000375_undistorted_crop.jpg 14.3479509354 1.00592529774 -15.1945314407
00000376_undistorted_crop.jpg 14.4607868195 0.986860632896 -15.1901245117
00000377_undistorted_crop.jpg 14.6778316498 0.999200105667 -15.2050027847
00000378_undistorted_crop.jpg 14.828166008 0.994222044945 -15.2550048828
00000379_undistorted_crop.jpg 14.8499259949 1.00122225285 -15.273683548
00000380_undistorted_crop.jpg 14.8262338638 1.02787220478 -15.2564821243
00000381_undistorted_crop.jpg 14.7314558029 0.994320511818 -15.2488470078
00000382_undistorted_crop.jpg 14.7323875427 0.993473649025 -15.248292923
00000383_undistorted_crop.jpg 14.708656311 0.974074602127 -15.2346868515
00000384_undistorted_crop.jpg 14.7062454224 0.989348173141 -15.2277364731
00000385_undistorted_crop.jpg 14.6568965912 1.02192223072 -15.210559845
00000386_undistorted_crop.jpg 14.6735877991 1.0052138567 -15.2100324631
00000387_undistorted_crop.jpg 14.6650619507 0.999146342278 -15.2043008804
00000388_undistorted_crop.jpg 14.6741142273 0.972727775574 -15.1988754272
00000389_undistorted_crop.jpg 14.6111907959 0.961543321609 -15.176776886
00000390_undistorted_crop.jpg 14.5773181915 0.978835701942 -15.1571416855
00000391_undistorted_crop.jpg 14.5627346039 1.02255094051 -15.1248350143
00000392_undistorted_crop.jpg 14.5763626099 0.979995012283 -15.1040277481
00000393_undistorted_crop.jpg 14.548201561 0.968166589737 -15.0839252472
00000394_undistorted_crop.jpg 14.493024826 0.956981897354 -15.0654859543
00000395_undistorted_crop.jpg 14.4539222717 1.0240085125 -15.006770134
00000396_undistorted_crop.jpg 14.4538488388 1.02389705181 -15.0066833496
00000397_undistorted_crop.jpg 14.6931772232 1.07759201527 -15.0924978256
00000398_undistorted_crop.jpg 14.8036718369 1.1119184494 -15.1431570053
00000399_undistorted_crop.jpg 14.8247070312 1.05530261993 -15.1778621674
00000400_undistorted_crop.jpg 15.0701751709 1.0701366663 -15.3409252167
00000401_undistorted_crop.jpg 15.5523672104 1.13255000114 -15.5736646652
00000428_undistorted_crop.jpg 6.3713092804 0.192879915237 -33.9770278931
00000429_undistorted_crop.jpg 5.44319105148 0.0129499435425 -34.5504264832
00000430_undistorted_crop.jpg 4.86686658859 0.76748752594 -35.9933700562
00000431_undistorted_crop.jpg 5.3309431076 0.0947780609131 -36.3138313293
00000432_undistorted_crop.jpg 5.34210586548 -0.0848922729492 -36.6509284973
00000433_undistorted_crop.jpg 5.34074306488 0.00278282165527 -37.0022468567
00000434_undistorted_crop.jpg 5.47466182709 -0.0110473632812 -37.2492637634
00000435_undistorted_crop.jpg 5.92243480682 0.13788318634 -37.3707618713
00000436_undistorted_crop.jpg 6.35774087906 0.408320426941 -37.3619613647
00000437_undistorted_crop.jpg 6.59672784805 0.558880805969 -37.3174209595
00000438_undistorted_crop.jpg 6.69630622864 0.546911239624 -37.2750282288
00000439_undistorted_crop.jpg 6.70225906372 0.527402877808 -37.3038787842
00000440_undistorted_crop.jpg 6.34137964249 0.230664253235 -37.1702728271
00000441_undistorted_crop.jpg 5.6330704689 0.0347757339478 -37.1737098694
00000442_undistorted_crop.jpg 5.05001735687 -0.0579280853271 -37.1572036743
00000443_undistorted_crop.jpg 4.78901958466 -0.0929381847382 -36.6031532288
00000444_undistorted_crop.jpg 4.41857290268 -0.21581697464 -36.1513977051
00000445_undistorted_crop.jpg 4.35635471344 -0.26969909668 -35.8426895142
00000446_undistorted_crop.jpg 4.35847759247 -0.230592727661 -35.7871856689
00000447_undistorted_crop.jpg 4.34079742432 -0.239897727966 -35.8066558838
00000448_undistorted_crop.jpg 4.33848953247 -0.225971221924 -35.8162384033
