p2_00000001_undistorted_crop.jpg 5.6367483139 0.275228977203 -39.2679634094
p2_00000002_undistorted_crop.jpg 5.63396549225 0.272763729095 -39.2697219849
p2_00000003_undistorted_crop.jpg 5.60600328445 0.263564109802 -39.2788696289
p2_00000004_undistorted_crop.jpg 5.58630418777 0.255939483643 -39.2756881714
p2_00000005_undistorted_crop.jpg 5.55848312378 0.277430057526 -39.278629303
p2_00000006_undistorted_crop.jpg 5.44356155396 0.303899288177 -39.2755050659
p2_00000007_undistorted_crop.jpg 5.11012029648 0.455230712891 -39.1575088501
p2_00000008_undistorted_crop.jpg 5.09272003174 0.452503204346 -39.0927352905
p2_00000009_undistorted_crop.jpg 5.44921302795 0.483015060425 -38.9271774292
p2_00000010_undistorted_crop.jpg 6.33772945404 0.290192604065 -38.7662773132
p2_00000011_undistorted_crop.jpg 6.77274799347 0.0101823806763 -38.6705551147
p2_00000012_undistorted_crop.jpg 6.9792547226 -0.233736038208 -38.4708862305
p2_00000013_undistorted_crop.jpg 6.90517997742 -0.327823638916 -38.2675933838
p2_00000014_undistorted_crop.jpg 6.21682739258 -0.385539054871 -37.6429443359
p2_00000015_undistorted_crop.jpg 5.49423313141 -0.449739933014 -36.7803497314
p2_00000016_undistorted_crop.jpg 5.34638834 -0.477310180664 -36.2002067566
p2_00000017_undistorted_crop.jpg 5.78897571564 -0.338789105415 -35.7500801086
p2_00000018_undistorted_crop.jpg 6.209400177 -0.352731466293 -35.4241828918
p2_00000019_undistorted_crop.jpg 6.51800727844 -0.271731376648 -34.7158927917
p2_00000020_undistorted_crop.jpg 6.77857398987 -0.193964481354 -33.3362998962
p2_00000021_undistorted_crop.jpg 7.53839063644 -0.226115107536 -32.4141616821
p2_00000022_undistorted_crop.jpg 8.8817615509 0.119983196259 -31.6464366913
p2_00000023_undistorted_crop.jpg 10.4378805161 0.0944856405258 -31.1104068756
p2_00000024_undistorted_crop.jpg 11.8987512589 0.0908785760403 -30.2743415833
p2_00000025_undistorted_crop.jpg 13.267074585 0.196570187807 -29.2000141144
p2_00000026_undistorted_crop.jpg 14.5634708405 0.267211675644 -28.1985282898
p2_00000027_undistorted_crop.jpg 16.0605869293 0.222679853439 -28.9178581238
p2_00000028_undistorted_crop.jpg 17.6736450195 0.238223791122 -27.5066261292
p2_00000029_undistorted_crop.jpg 18.8254051208 0.550182342529 -26.2357749939
p2_00000030_undistorted_crop.jpg 19.4590969086 0.362813472748 -24.8739452362
p2_00000031_undistorted_crop.jpg 20.2032470703 0.588139533997 -23.6343231201
p2_00000032_undistorted_crop.jpg 20.5033550262 0.424095153809 -22.306968689
p2_00000033_undistorted_crop.jpg 20.1113739014 0.524126052856 -21.0146980286
p2_00000034_undistorted_crop.jpg 19.2456665039 0.246755599976 -19.7678604126
p2_00000035_undistorted_crop.jpg 18.7395877838 0.236176490784 -18.6846008301
p2_00000036_undistorted_crop.jpg 18.3990287781 0.264204502106 -17.5115432739
p2_00000037_undistorted_crop.jpg 17.9989490509 0.158165931702 -16.3141460419
p2_00000038_undistorted_crop.jpg 17.5088615417 0.304645061493 -15.2442846298
p2_00000039_undistorted_crop.jpg 17.0994606018 0.168038114905 -14.272611618
p2_00000040_undistorted_crop.jpg 17.1918125153 0.25888645649 -13.3690681458
p2_00000041_undistorted_crop.jpg 17.6067390442 0.323357582092 -12.5125703812
p2_00000042_undistorted_crop.jpg 17.6734638214 0.409286737442 -12.0830154419
p2_00000043_undistorted_crop.jpg 17.6831378937 0.478554964066 -11.936413765
p2_00000044_undistorted_crop.jpg 17.6588745117 0.495656490326 -11.8586473465
p2_00000045_undistorted_crop.jpg 17.574262619 0.452455043793 -11.8365774155
p2_00000046_undistorted_crop.jpg 17.460100174 0.379706382751 -11.8525972366
p2_00000047_undistorted_crop.jpg 17.3180179596 0.32106590271 -11.9231777191
p2_00000048_undistorted_crop.jpg 17.2448883057 0.328362226486 -11.9176750183
p2_00000049_undistorted_crop.jpg 17.2273864746 0.360814094543 -11.8745317459
p2_00000050_undistorted_crop.jpg 17.1797733307 0.374586582184 -11.8655405045
p2_00000051_undistorted_crop.jpg 17.1516017914 0.361234664917 -11.8658180237
p2_00000052_undistorted_crop.jpg 17.057806015 0.381482124329 -11.8347873688
p2_00000053_undistorted_crop.jpg 16.9505138397 0.40944647789 -11.8152093887
p2_00000054_undistorted_crop.jpg 16.8680438995 0.427524089813 -11.8074626923
p2_00000055_undistorted_crop.jpg 16.822063446 0.424017429352 -11.7991085052
p2_00000056_undistorted_crop.jpg 16.8842315674 0.419948816299 -11.8233604431
p2_00000057_undistorted_crop.jpg 16.9298381805 0.41385102272 -11.8263816833
p2_00000058_undistorted_crop.jpg 16.9292793274 0.41713142395 -11.8270702362
p2_00000059_undistorted_crop.jpg 16.9256324768 0.419877767563 -11.8219184875
p2_00000060_undistorted_crop.jpg 16.9352283478 0.392254114151 -11.8437747955
p2_00000061_undistorted_crop.jpg 16.9853305817 0.37687587738 -11.8673782349
p2_00000062_undistorted_crop.jpg 17.170501709 0.347983837128 -11.9010190964
p2_00000063_undistorted_crop.jpg 17.4695053101 0.338545799255 -11.9218597412
p2_00000064_undistorted_crop.jpg 17.6513710022 0.369884490967 -11.89361763
p2_00000065_undistorted_crop.jpg 17.5214614868 0.388148069382 -11.813372612
p2_00000066_undistorted_crop.jpg 17.1972465515 0.419401407242 -11.693983078
p2_00000067_undistorted_crop.jpg 16.6491966248 0.441601276398 -11.6891613007
p2_00000069_undistorted_crop.jpg 14.094203949 0.373931884766 -11.5857858658
p2_00000072_undistorted_crop.jpg 12.1171722412 0.284931182861 -9.40087509155
p2_00000073_undistorted_crop.jpg 11.5151882172 0.351541996002 -8.9761838913
p2_00000074_undistorted_crop.jpg 11.2009830475 0.448699474335 -9.07880783081
p2_00000075_undistorted_crop.jpg 11.0191173553 0.411006450653 -8.9204492569
p2_00000076_undistorted_crop.jpg 10.8395042419 0.441721439362 -8.5194568634
p2_00000077_undistorted_crop.jpg 10.7686719894 0.456600904465 -8.22597694397
p2_00000078_undistorted_crop.jpg 10.9990205765 0.433102369308 -8.09208297729
p2_00000079_undistorted_crop.jpg 11.4927091599 0.410492897034 -8.07675457001
p2_00000080_undistorted_crop.jpg 11.883638382 0.442931652069 -8.20776081085
p2_00000081_undistorted_crop.jpg 12.0346755981 0.427790641785 -8.29257011414
p2_00000082_undistorted_crop.jpg 11.9620513916 0.419610023499 -8.24024868011
p2_00000083_undistorted_crop.jpg 11.8775558472 0.390098571777 -8.15393733978
p2_00000084_undistorted_crop.jpg 11.8180046082 0.378243923187 -8.11007022858
p2_00000085_undistorted_crop.jpg 11.7579917908 0.377043247223 -8.07130622864
p2_00000086_undistorted_crop.jpg 11.6647987366 0.384914875031 -8.05996990204
p2_00000087_undistorted_crop.jpg 11.6699399948 0.389348268509 -8.0696439743
p2_00000088_undistorted_crop.jpg 11.6702079773 0.385764122009 -8.07847976685
p2_00000089_undistorted_crop.jpg 11.7215328217 0.363145828247 -8.11137008667
p2_00000090_undistorted_crop.jpg 11.9219512939 0.362957000732 -8.29284000397
p2_00000091_undistorted_crop.jpg 12.0149536133 0.392792701721 -8.47803688049
p2_00000092_undistorted_crop.jpg 11.9170475006 0.347143411636 -8.27943229675
p2_00000093_undistorted_crop.jpg 11.7379360199 0.320164680481 -7.82046604156
p2_00000094_undistorted_crop.jpg 11.5187282562 0.29189991951 -7.36541366577
p2_00000095_undistorted_crop.jpg 11.4593982697 0.265404105186 -7.20438194275
p2_00000096_undistorted_crop.jpg 11.5990839005 0.242532849312 -7.23526287079
p2_00000097_undistorted_crop.jpg 11.8109073639 0.265998363495 -7.49681520462
p2_00000098_undistorted_crop.jpg 12.0792655945 0.261004209518 -7.80173301697
p2_00000099_undistorted_crop.jpg 12.2004451752 0.280341148376 -8.03771877289
p2_00000100_undistorted_crop.jpg 12.2356472015 0.308762311935 -8.19120979309
p2_00000101_undistorted_crop.jpg 12.2512207031 0.299792528152 -8.22205924988
p2_00000102_undistorted_crop.jpg 12.2545118332 0.300515890121 -8.33538818359
p2_00000103_undistorted_crop.jpg 12.2381448746 0.333044052124 -8.29332065582
p2_00000104_undistorted_crop.jpg 12.087518692 0.335389852524 -8.16700935364
p2_00000105_undistorted_crop.jpg 12.0166120529 0.349697291851 -8.12679862976
p2_00000106_undistorted_crop.jpg 11.97615242 0.366210281849 -8.17962837219
p2_00000107_undistorted_crop.jpg 12.0181837082 0.353157281876 -8.31339168549
p2_00000108_undistorted_crop.jpg 12.1747303009 0.34376257658 -8.51180267334
p2_00000109_undistorted_crop.jpg 12.2907352448 0.378650814295 -8.74199581146
p2_00000110_undistorted_crop.jpg 12.2877016068 0.376581132412 -8.95441150665
p2_00000111_undistorted_crop.jpg 12.2388954163 0.368267536163 -8.96088600159
p2_00000112_undistorted_crop.jpg 12.1589803696 0.272205471992 -8.70953941345
p2_00000113_undistorted_crop.jpg 12.0708904266 0.222557425499 -8.30030250549
p2_00000114_undistorted_crop.jpg 11.985250473 0.215459108353 -7.79758071899
p2_00000115_undistorted_crop.jpg 11.7442846298 0.034384727478 -7.52732753754
p2_00000116_undistorted_crop.jpg 11.5281658173 0.0153198242188 -7.05951499939
p2_00000117_undistorted_crop.jpg 11.4363441467 0.0906140804291 -6.86116027832
p2_00000118_undistorted_crop.jpg 11.4575881958 0.0219848155975 -6.86210632324
p2_00000119_undistorted_crop.jpg 11.5092258453 0.0181083679199 -7.10177516937
p2_00000120_undistorted_crop.jpg 11.65046978 -0.00389194488525 -7.39127779007
p2_00000121_undistorted_crop.jpg 11.6792316437 0.074768781662 -7.68215084076
p2_00000122_undistorted_crop.jpg 11.6559591293 0.117505550385 -7.80755901337
p2_00000123_undistorted_crop.jpg 11.6352996826 0.0964398384094 -7.79850673676
p2_00000125_undistorted_crop.jpg 11.5311050415 0.459119796753 -7.59234523773
p2_00000126_undistorted_crop.jpg 11.3992052078 0.486019611359 -7.45510721207
p2_00000127_undistorted_crop.jpg 11.3517951965 0.507461071014 -7.45479154587
p2_00000128_undistorted_crop.jpg 11.408367157 0.541453957558 -7.70916461945
p2_00000129_undistorted_crop.jpg 11.5069789886 0.632609605789 -8.00312519073
p2_00000130_undistorted_crop.jpg 11.4369163513 0.559662222862 -8.02665805817
p2_00000131_undistorted_crop.jpg 11.1366128922 0.621798157692 -8.03859710693
p2_00000132_undistorted_crop.jpg 11.0473861694 0.546242952347 -8.17211723328
p2_00000133_undistorted_crop.jpg 11.2810745239 0.580324888229 -8.55226135254
p2_00000134_undistorted_crop.jpg 11.9131307602 0.745830535889 -9.38868522644
p2_00000135_undistorted_crop.jpg 12.7574911118 0.621668815613 -10.0989761353
p2_00000136_undistorted_crop.jpg 13.2855358124 0.68541765213 -10.9526872635
p2_00000137_undistorted_crop.jpg 13.504652977 0.885269403458 -12.2872867584
p2_00000138_undistorted_crop.jpg 13.688334465 0.83024263382 -13.6298141479
p2_00000139_undistorted_crop.jpg 13.8423509598 0.723571300507 -14.1808643341
p2_00000140_undistorted_crop.jpg 14.0164880753 0.67777633667 -14.2481517792
p2_00000141_undistorted_crop.jpg 14.6870222092 0.572477817535 -13.8829116821
p2_00000142_undistorted_crop.jpg 15.0877637863 0.797845840454 -14.1489543915
p2_00000143_undistorted_crop.jpg 15.3850660324 0.807681560516 -14.0903921127
p2_00000144_undistorted_crop.jpg 15.5964975357 0.813116550446 -14.0410146713
p2_00000145_undistorted_crop.jpg 15.7420835495 0.822353363037 -14.0067739487
p2_00000146_undistorted_crop.jpg 15.8432836533 0.820257663727 -13.9896783829
p2_00000147_undistorted_crop.jpg 15.9148778915 0.816661834717 -14.0711240768
p2_00000148_undistorted_crop.jpg 16.0011997223 0.842704772949 -14.3637638092
p2_00000149_undistorted_crop.jpg 15.6918563843 0.781754016876 -14.6454315186
p2_00000150_undistorted_crop.jpg 15.8842639923 0.474081993103 -15.3825740814
p2_00000151_undistorted_crop.jpg 16.2278251648 -0.00609302520752 -15.3706111908
p2_00000152_undistorted_crop.jpg 17.4652118683 -0.244678974152 -15.7969017029
p2_00000153_undistorted_crop.jpg 18.0967197418 0.040632724762 -16.555934906
p2_00000154_undistorted_crop.jpg 18.6321029663 0.0831003189087 -18.0811347961
p2_00000155_undistorted_crop.jpg 18.7459831238 0.0821075439453 -19.9533157349
p2_00000156_undistorted_crop.jpg 19.5119476318 0.164021492004 -21.1414909363
p2_00000157_undistorted_crop.jpg 20.4811763763 0.181112766266 -22.5381164551
p2_00000158_undistorted_crop.jpg 20.7040691376 -0.00874251127243 -24.185836792
p2_00000159_undistorted_crop.jpg 20.1726951599 -0.0880170613527 -25.549041748
p2_00000160_undistorted_crop.jpg 19.5318126678 -0.254979431629 -26.7346744537
p2_00000161_undistorted_crop.jpg 18.6713523865 -0.140074551105 -27.9959144592
p2_00000162_undistorted_crop.jpg 17.5088825226 -0.407653272152 -29.1725883484
p2_00000163_undistorted_crop.jpg 15.9698486328 -0.200805783272 -29.7992115021
p2_00000164_undistorted_crop.jpg 14.4545373917 -0.52069234848 -30.1005973816
p2_00000165_undistorted_crop.jpg 13.3127231598 -0.494983315468 -30.7406978607
p2_00000166_undistorted_crop.jpg 12.187707901 -0.548748970032 -31.6789665222
p2_00000167_undistorted_crop.jpg 10.9433727264 -0.637369155884 -32.1454315186
p2_00000169_undistorted_crop.jpg 8.22273921967 -0.817529678345 -33.2847480774
p2_00000170_undistorted_crop.jpg 8.0766658783 -0.374627113342 -34.2776260376
p2_00000171_undistorted_crop.jpg 7.53417110443 -0.537132263184 -34.5577697754
p2_00000172_undistorted_crop.jpg 6.60809707642 -0.518556594849 -34.8023376465
p2_00000173_undistorted_crop.jpg 5.51058292389 -0.578584671021 -35.3491210938
p2_00000174_undistorted_crop.jpg 4.97045469284 -0.667301177979 -35.8167533875
p2_00000175_undistorted_crop.jpg 5.39520645142 -0.401922225952 -36.2421798706
p2_00000176_undistorted_crop.jpg 5.82069778442 -0.350103378296 -36.2030563354
p2_00000177_undistorted_crop.jpg 6.05659294128 -0.21300983429 -36.3233718872
p2_00000178_undistorted_crop.jpg 5.75974178314 -0.331072211266 -36.5096359253
p2_00000179_undistorted_crop.jpg 5.57545566559 -0.410964488983 -36.8077049255
p2_00000180_undistorted_crop.jpg 5.51288223267 -0.374199151993 -37.0122032166
p2_00000181_undistorted_crop.jpg 5.55362081528 -0.383264541626 -37.114818573
p2_00000182_undistorted_crop.jpg 5.87468719482 -0.329948186874 -37.2279014587
p2_00000183_undistorted_crop.jpg 6.15030670166 -0.310120582581 -37.1920967102
p2_00000184_undistorted_crop.jpg 6.46674203873 -0.312347412109 -37.2404022217
p2_00000185_undistorted_crop.jpg 6.99801397324 -0.190897941589 -37.4626350403
p2_00000186_undistorted_crop.jpg 7.59991025925 -0.0424728393555 -37.8875579834
p2_00000187_undistorted_crop.jpg 7.52304697037 0.160851955414 -38.3311958313
p2_00000188_undistorted_crop.jpg 6.67312431335 0.388968706131 -38.8675613403
p2_00000189_undistorted_crop.jpg 6.06701087952 0.389121055603 -39.1569023132
p2_00000190_undistorted_crop.jpg 5.8405995369 0.398488998413 -39.2271690369
p2_00000191_undistorted_crop.jpg 5.70656394958 0.367081642151 -39.2273597717
p2_00000192_undistorted_crop.jpg 5.50653123856 0.48947429657 -39.1643066406
p2_00000193_undistorted_crop.jpg 5.4758348465 0.459195137024 -39.1214447021
p2_00000194_undistorted_crop.jpg 5.54830265045 0.481646537781 -39.10131073
p2_00000195_undistorted_crop.jpg 5.53587532043 0.509226799011 -39.0602493286
