00000417_undistorted_crop.jpg 6.00395488739 0.179117202759 -39.783454895
00000418_undistorted_crop.jpg 6.29850769043 0.26842212677 -39.807258606
00000419_undistorted_crop.jpg 6.73686647415 0.503224849701 -39.9006271362
00000420_undistorted_crop.jpg 7.06441831589 0.688186645508 -39.9452133179
00000421_undistorted_crop.jpg 7.20286750793 0.80881357193 -39.9368782043
00000422_undistorted_crop.jpg 7.08403348923 0.600618839264 -39.8545303345
00000423_undistorted_crop.jpg 6.59173107147 0.272562503815 -39.7873268127
00000424_undistorted_crop.jpg 5.80445289612 0.0966339111328 -39.8043403625
00000425_undistorted_crop.jpg 5.2825717926 0.146652698517 -39.8243026733
00000426_undistorted_crop.jpg 5.14481258392 0.179119110107 -39.8194313049
00000427_undistorted_crop.jpg 5.16978883743 0.172230005264 -39.7313117981
00000428_undistorted_crop.jpg 5.44581031799 0.272510409355 -39.4130859375
00000429_undistorted_crop.jpg 6.02599859238 0.427815973759 -38.7482261658
00000430_undistorted_crop.jpg 6.09067773819 -0.0129709243774 -38.3709907532
00000431_undistorted_crop.jpg 6.22354269028 -0.14887046814 -38.4646644592
00000432_undistorted_crop.jpg 5.38421869278 -0.772094726562 -39.7744140625
00000433_undistorted_crop.jpg 5.71348142624 0.170421600342 -38.4224357605
00000434_undistorted_crop.jpg 4.12277030945 -0.605079650879 -38.4898796082
00000435_undistorted_crop.jpg 3.65422153473 -0.538316726685 -37.0033950806
00000436_undistorted_crop.jpg 3.8649263382 -0.609208106995 -35.8540725708
00000437_undistorted_crop.jpg 4.65715408325 -0.45628452301 -34.6695861816
00000438_undistorted_crop.jpg 5.76170253754 -0.421757698059 -33.582408905
00000439_undistorted_crop.jpg 6.83351993561 -0.224817276001 -32.5496025085
00000440_undistorted_crop.jpg 8.21989917755 -0.152096748352 -31.1785545349
00000441_undistorted_crop.jpg 9.80520248413 -0.0841250419617 -30.4061641693
00000442_undistorted_crop.jpg 11.5962171555 0.181301087141 -30.0290927887
00000443_undistorted_crop.jpg 12.9925079346 -0.0226013660431 -29.8028526306
00000444_undistorted_crop.jpg 14.295498848 0.239933252335 -29.0329265594
00000445_undistorted_crop.jpg 15.6687660217 0.0253701210022 -28.3388252258
00000448_undistorted_crop.jpg 19.5001316071 0.919943332672 -25.3279514313
00000449_undistorted_crop.jpg 19.8305625916 0.566366672516 -24.6249217987
00000450_undistorted_crop.jpg 20.0676555634 0.468404769897 -23.2483310699
00000451_undistorted_crop.jpg 20.2291488647 0.555097579956 -22.1161994934
00000452_undistorted_crop.jpg 20.2011642456 0.194328308105 -21.0140724182
00000453_undistorted_crop.jpg 19.4172801971 0.432738304138 -19.8314590454
00000454_undistorted_crop.jpg 18.5996437073 0.158876419067 -18.9266624451
00000455_undistorted_crop.jpg 18.1460971832 0.274723052979 -17.8599128723
00000456_undistorted_crop.jpg 17.9002323151 0.308456420898 -16.6325054169
00000457_undistorted_crop.jpg 17.519947052 0.205494880676 -15.5665130615
00000458_undistorted_crop.jpg 16.9225025177 0.304122686386 -14.5811443329
00000459_undistorted_crop.jpg 16.634469986 0.146191120148 -13.7305755615
00000460_undistorted_crop.jpg 16.9507389069 0.242731571198 -13.0480642319
00000461_undistorted_crop.jpg 17.6128005981 0.425636768341 -12.4250679016
00000462_undistorted_crop.jpg 17.7774505615 0.516092300415 -12.1463413239
00000463_undistorted_crop.jpg 17.7674255371 0.545608043671 -12.056385994
00000464_undistorted_crop.jpg 17.7434501648 0.546146869659 -12.0026741028
00000465_undistorted_crop.jpg 17.7288799286 0.536468982697 -11.9869804382
00000466_undistorted_crop.jpg 17.7105026245 0.527812480927 -11.9821681976
00000467_undistorted_crop.jpg 17.6252727509 0.504526615143 -11.9570074081
00000468_undistorted_crop.jpg 17.4746932983 0.469745159149 -12.0270576477
00000469_undistorted_crop.jpg 17.3563804626 0.440252304077 -12.0733146667
00000470_undistorted_crop.jpg 17.3275985718 0.453330039978 -12.0426435471
00000471_undistorted_crop.jpg 17.2794399261 0.456239700317 -12.0104970932
00000472_undistorted_crop.jpg 17.2532634735 0.453317165375 -12.0054273605
00000473_undistorted_crop.jpg 17.2477626801 0.446435928345 -12.001241684
00000474_undistorted_crop.jpg 17.226316452 0.449264526367 -11.9820604324
00000475_undistorted_crop.jpg 17.1488819122 0.465318441391 -11.9628267288
00000476_undistorted_crop.jpg 17.0691223145 0.488003969193 -11.9442806244
00000477_undistorted_crop.jpg 17.0342941284 0.484441518784 -11.9475374222
00000478_undistorted_crop.jpg 17.0732097626 0.470960617065 -11.9595651627
00000479_undistorted_crop.jpg 17.1116828918 0.464955806732 -11.9745693207
00000480_undistorted_crop.jpg 17.1381072998 0.453866004944 -11.9906568527
00000481_undistorted_crop.jpg 17.1416625977 0.451146602631 -11.9938001633
00000482_undistorted_crop.jpg 17.1023864746 0.45400428772 -11.9746761322
00000483_undistorted_crop.jpg 17.0762138367 0.466572999954 -11.9594116211
00000484_undistorted_crop.jpg 17.1176509857 0.478842020035 -11.9573783875
00000485_undistorted_crop.jpg 17.1903076172 0.475808620453 -11.9520206451
00000486_undistorted_crop.jpg 17.3210983276 0.478468418121 -11.9728240967
00000487_undistorted_crop.jpg 17.4744663239 0.491938114166 -11.9503231049
00000488_undistorted_crop.jpg 17.5817832947 0.531554698944 -11.9395904541
00000489_undistorted_crop.jpg 17.6408023834 0.57713341713 -11.8602294922
00000490_undistorted_crop.jpg 17.6560764313 0.620934724808 -11.7890691757
00000491_undistorted_crop.jpg 17.4439601898 0.559107720852 -11.7373371124
00000492_undistorted_crop.jpg 17.1628723145 0.504532396793 -11.6842775345
00000493_undistorted_crop.jpg 16.4799308777 0.560626983643 -11.4438438416
00000495_undistorted_crop.jpg 13.6760730743 0.460344314575 -10.678404808
00000496_undistorted_crop.jpg 13.1953468323 0.271595954895 -10.1506595612
00000497_undistorted_crop.jpg 12.6453285217 0.484860420227 -9.17959403992
00000498_undistorted_crop.jpg 11.9720630646 0.345888137817 -8.48963737488
00000499_undistorted_crop.jpg 11.7388973236 0.382580757141 -8.36391448975
00000500_undistorted_crop.jpg 11.6460514069 0.43229341507 -8.33675861359
00000501_undistorted_crop.jpg 11.3912172318 0.457139492035 -8.12646484375
00000502_undistorted_crop.jpg 11.1543540955 0.491544008255 -8.03812980652
00000503_undistorted_crop.jpg 11.0887298584 0.520797491074 -8.04769992828
00000504_undistorted_crop.jpg 11.1326875687 0.536059856415 -8.10949897766
00000505_undistorted_crop.jpg 11.2933330536 0.527014732361 -8.12202644348
00000506_undistorted_crop.jpg 11.5339870453 0.486781597137 -8.05992507935
00000507_undistorted_crop.jpg 11.6617603302 0.469246149063 -8.03739452362
00000508_undistorted_crop.jpg 11.6791391373 0.481897592545 -8.06185626984
00000509_undistorted_crop.jpg 11.6359786987 0.490895032883 -8.08730697632
00000510_undistorted_crop.jpg 11.5975818634 0.501222848892 -8.08621883392
00000511_undistorted_crop.jpg 11.5826129913 0.493125915527 -8.07511901855
00000512_undistorted_crop.jpg 11.5486841202 0.494565010071 -8.0606212616
00000513_undistorted_crop.jpg 11.5426807404 0.47690653801 -8.04080295563
00000514_undistorted_crop.jpg 11.5574092865 0.472752094269 -8.03813838959
00000515_undistorted_crop.jpg 11.5349578857 0.480057239532 -8.02093315125
00000516_undistorted_crop.jpg 11.5128545761 0.474313259125 -7.99833106995
00000517_undistorted_crop.jpg 11.5060033798 0.471486091614 -8.01126670837
00000518_undistorted_crop.jpg 11.4925079346 0.477362155914 -8.00186729431
00000519_undistorted_crop.jpg 11.4923439026 0.470486164093 -8.00400257111
00000520_undistorted_crop.jpg 11.4851083755 0.472566604614 -8.00993156433
00000521_undistorted_crop.jpg 11.5157165527 0.470239162445 -7.99261045456
00000522_undistorted_crop.jpg 11.4677143097 0.462223052979 -7.98233127594
00000523_undistorted_crop.jpg 11.3524112701 0.471135616302 -7.93696403503
00000524_undistorted_crop.jpg 11.2496938705 0.478627443314 -7.9063744545
00000525_undistorted_crop.jpg 11.3034820557 0.477497816086 -7.89147615433
00000526_undistorted_crop.jpg 11.4612531662 0.446606397629 -7.87463378906
00000527_undistorted_crop.jpg 11.5303230286 0.44962978363 -7.90397977829
00000528_undistorted_crop.jpg 11.5488433838 0.454262018204 -7.92421722412
00000529_undistorted_crop.jpg 11.5566778183 0.458005666733 -7.9208111763
00000530_undistorted_crop.jpg 11.466301918 0.467157125473 -7.98173141479
00000531_undistorted_crop.jpg 11.3243503571 0.458622455597 -8.03471374512
00000532_undistorted_crop.jpg 11.5094833374 0.415463924408 -8.05984210968
00000533_undistorted_crop.jpg 11.97448349 0.38408613205 -8.19859313965
00000534_undistorted_crop.jpg 12.2534313202 0.366050243378 -8.38024997711
00000535_undistorted_crop.jpg 12.2878932953 0.366616725922 -8.5042552948
00000536_undistorted_crop.jpg 12.0799942017 0.336196422577 -8.48775672913
00000537_undistorted_crop.jpg 11.6015872955 0.327953338623 -8.26867866516
00000538_undistorted_crop.jpg 11.1891365051 0.292867660522 -8.07954502106
00000539_undistorted_crop.jpg 10.9852352142 0.244084835052 -7.98623561859
00000540_undistorted_crop.jpg 10.8708019257 0.232702255249 -8.07907485962
00000541_undistorted_crop.jpg 11.1341199875 0.14146566391 -8.37923431396
00000542_undistorted_crop.jpg 10.9975166321 0.186922550201 -8.4654378891
00000543_undistorted_crop.jpg 11.1958312988 0.325008869171 -8.42493247986
00000544_undistorted_crop.jpg 11.6363897324 0.303928136826 -8.26517677307
00000545_undistorted_crop.jpg 12.6088466644 0.14702296257 -8.33947277069
00000546_undistorted_crop.jpg 13.0396108627 0.239583969116 -8.00238513947
00000548_undistorted_crop.jpg 13.1732492447 0.440475702286 -7.49287128448
00000549_undistorted_crop.jpg 12.6572761536 0.506034612656 -7.34251594543
00000550_undistorted_crop.jpg 11.721619606 0.380268096924 -7.25770664215
00000551_undistorted_crop.jpg 11.0326948166 0.383173942566 -7.26752948761
00000552_undistorted_crop.jpg 10.9226703644 0.269788265228 -7.19989681244
00000553_undistorted_crop.jpg 10.7384700775 0.328435897827 -6.88851881027
00000554_undistorted_crop.jpg 10.6319637299 0.245470046997 -6.51854991913
00000555_undistorted_crop.jpg 10.8092250824 0.255470752716 -6.43212985992
00000556_undistorted_crop.jpg 11.0852603912 0.261339187622 -6.55806446075
00000557_undistorted_crop.jpg 11.3851833344 0.344808340073 -6.88453006744
00000558_undistorted_crop.jpg 11.7949905396 0.373557090759 -7.35834741592
00000559_undistorted_crop.jpg 11.9967403412 0.372581005096 -7.63499736786
00000560_undistorted_crop.jpg 12.0170783997 0.39866399765 -7.79927778244
00000561_undistorted_crop.jpg 11.9197731018 0.39474606514 -7.80660772324
00000562_undistorted_crop.jpg 11.6651630402 0.350521922112 -7.65313053131
00000563_undistorted_crop.jpg 11.1147260666 0.347980201244 -7.73498487473
00000564_undistorted_crop.jpg 10.9078302383 0.364612042904 -7.72593259811
00000565_undistorted_crop.jpg 10.9883956909 0.386416763067 -7.61068868637
00000566_undistorted_crop.jpg 11.2328805923 0.429198741913 -7.38644552231
00000567_undistorted_crop.jpg 11.5925235748 0.312537431717 -6.96887111664
00000568_undistorted_crop.jpg 11.4444484711 0.431896209717 -7.11189031601
00000569_undistorted_crop.jpg 11.1692419052 0.527494549751 -7.28532791138
00000570_undistorted_crop.jpg 10.9177837372 0.493223130703 -7.38365030289
00000571_undistorted_crop.jpg 10.7630023956 0.486321210861 -7.40136051178
00000572_undistorted_crop.jpg 10.7279996872 0.4793227911 -7.43588256836
00000573_undistorted_crop.jpg 10.7789907455 0.432191610336 -7.39966917038
00000574_undistorted_crop.jpg 10.6834564209 0.454772949219 -7.42341756821
00000575_undistorted_crop.jpg 10.6217212677 0.441117525101 -7.52524232864
00000576_undistorted_crop.jpg 10.9707832336 0.347507476807 -7.499355793
00000577_undistorted_crop.jpg 11.5104179382 0.425924301147 -7.60176181793
00000578_undistorted_crop.jpg 12.2035970688 0.568629741669 -8.16623497009
00000579_undistorted_crop.jpg 12.6030349731 0.591957807541 -8.69405555725
00000580_undistorted_crop.jpg 12.8381624222 0.682977437973 -9.65449142456
00000581_undistorted_crop.jpg 12.7284526825 0.598916292191 -10.8113250732
00000582_undistorted_crop.jpg 12.8893432617 0.598022460938 -11.570101738
00000583_undistorted_crop.jpg 13.5335273743 0.781040668488 -12.4203472137
00000584_undistorted_crop.jpg 14.0233507156 0.663233041763 -13.209312439
00000585_undistorted_crop.jpg 14.0582733154 0.713500380516 -13.971572876
00000586_undistorted_crop.jpg 13.7974615097 0.63662302494 -14.5341911316
00000587_undistorted_crop.jpg 13.6672048569 0.63386541605 -14.8207387924
00000588_undistorted_crop.jpg 13.7976589203 0.609140753746 -14.9055166245
00000589_undistorted_crop.jpg 14.1979207993 0.577232837677 -14.8239812851
00000590_undistorted_crop.jpg 14.8881130219 0.278434753418 -14.816526413
00000591_undistorted_crop.jpg 15.0996055603 0.168192863464 -14.6249704361
00000592_undistorted_crop.jpg 15.1136884689 0.221674919128 -14.1180534363
00000593_undistorted_crop.jpg 15.0804510117 0.352031707764 -13.1658477783
00000594_undistorted_crop.jpg 14.9669809341 0.38613986969 -12.5216236115
00000595_undistorted_crop.jpg 14.7370605469 0.367141723633 -12.2876987457
00000596_undistorted_crop.jpg 14.2613019943 0.39141368866 -12.2694301605
00000597_undistorted_crop.jpg 13.7219028473 0.383205413818 -12.3755970001
00000598_undistorted_crop.jpg 13.3820915222 0.248286247253 -12.4562091827
00000599_undistorted_crop.jpg 13.1675195694 0.213156700134 -12.3043079376
00000600_undistorted_crop.jpg 12.9003915787 0.312415599823 -11.909986496
00000601_undistorted_crop.jpg 12.7362442017 0.31156873703 -11.3038444519
00000602_undistorted_crop.jpg 12.5867433548 0.503486037254 -11.2276115417
00000603_undistorted_crop.jpg 12.6275453568 0.695176959038 -11.3673963547
00000604_undistorted_crop.jpg 12.9353551865 0.71706956625 -11.4638824463
00000605_undistorted_crop.jpg 13.3325357437 0.755672037601 -11.6496419907
00000606_undistorted_crop.jpg 13.6507968903 0.777342677116 -11.8976297379
00000607_undistorted_crop.jpg 13.8320178986 0.748740911484 -12.0930137634
00000608_undistorted_crop.jpg 13.8227500916 0.727744340897 -12.312245369
00000609_undistorted_crop.jpg 13.5596265793 0.717397451401 -12.4745788574
00000610_undistorted_crop.jpg 13.3819217682 0.711746692657 -12.809220314
00000611_undistorted_crop.jpg 13.5936279297 0.783435344696 -13.1502227783
00000612_undistorted_crop.jpg 14.2066640854 0.869691371918 -13.5912427902
00000613_undistorted_crop.jpg 15.2704381943 0.688321590424 -14.2241287231
00000614_undistorted_crop.jpg 14.218337059 1.36177968979 -14.8460845947
00000615_undistorted_crop.jpg 14.8666753769 0.573108673096 -15.5047159195
00000616_undistorted_crop.jpg 15.4885568619 0.606742858887 -16.6357574463
00000617_undistorted_crop.jpg 16.7487716675 0.526692390442 -17.2170810699
00000618_undistorted_crop.jpg 18.0624237061 0.371487140656 -17.8387355804
00000619_undistorted_crop.jpg 18.8841571808 0.255737304688 -18.8292808533
00000620_undistorted_crop.jpg 19.3926124573 0.0866718292236 -20.0046195984
00000621_undistorted_crop.jpg 20.1409626007 -0.155177354813 -20.5709514618
00000622_undistorted_crop.jpg 20.8903160095 -0.00273680686951 -21.1985054016
00000623_undistorted_crop.jpg 22.0286178589 -0.00623065233231 -21.7364883423
00000624_undistorted_crop.jpg 22.0852737427 0.114901065826 -23.041387558
00000625_undistorted_crop.jpg 21.3858165741 0.13167744875 -24.5739364624
00000626_undistorted_crop.jpg 20.5420341492 -0.00346231460571 -25.8629646301
00000627_undistorted_crop.jpg 19.7159290314 0.111226320267 -27.2228221893
00000628_undistorted_crop.jpg 18.8299236298 -0.0637056827545 -28.5913944244
00000629_undistorted_crop.jpg 17.5270080566 -0.0390088558197 -29.4955730438
00000630_undistorted_crop.jpg 16.111333847 -0.196313977242 -29.8536071777
00000631_undistorted_crop.jpg 14.9942493439 -0.253137648106 -30.3286628723
00000632_undistorted_crop.jpg 13.6515808105 -0.153089404106 -31.3628902435
00000633_undistorted_crop.jpg 12.4549055099 -0.400256037712 -31.9796352386
00000634_undistorted_crop.jpg 10.0821933746 0.224247932434 -32.9473838806
00000635_undistorted_crop.jpg 22.4340648651 -14.5976104736 -10.3361568451
00000636_undistorted_crop.jpg 8.48289394379 -0.724429607391 -33.5008811951
00000637_undistorted_crop.jpg 7.92241954803 -0.49295425415 -34.4331817627
00000638_undistorted_crop.jpg 7.19485139847 -0.671781539917 -34.6956520081
00000639_undistorted_crop.jpg 6.21123409271 -0.822994232178 -34.6306762695
00000640_undistorted_crop.jpg 4.63959407806 -0.767234802246 -35.2927780151
00000641_undistorted_crop.jpg 4.10303115845 -0.793201446533 -35.869972229
00000642_undistorted_crop.jpg 4.73746013641 -0.584730148315 -36.5015792847
00000643_undistorted_crop.jpg 5.46903324127 -0.526029586792 -37.0047340393
00000644_undistorted_crop.jpg 5.99556446075 -0.362683296204 -37.4639053345
00000645_undistorted_crop.jpg 6.22958421707 -0.300008773804 -37.6381378174
00000646_undistorted_crop.jpg 6.61346054077 -0.179500579834 -38.4287109375
00000647_undistorted_crop.jpg 6.90010261536 0.0486614704132 -39.1199951172
00000648_undistorted_crop.jpg 6.26870346069 0.248194694519 -39.460723877
00000649_undistorted_crop.jpg 5.4857583046 0.235028743744 -39.7908706665
00000650_undistorted_crop.jpg 4.98585224152 0.241246700287 -39.7720489502
00000651_undistorted_crop.jpg 4.90082168579 0.226358175278 -39.6887664795
00000652_undistorted_crop.jpg 4.97605419159 0.219020843506 -39.6598205566
