00000001_undistorted_crop.jpg 4.48544692993 -0.893498182297 -38.0892753601
00000002_undistorted_crop.jpg 4.49003601074 -0.894358873367 -38.0881576538
00000003_undistorted_crop.jpg 4.72887611389 -0.902495861053 -37.9013671875
00000004_undistorted_crop.jpg 5.01844787598 -0.909484148026 -37.6935310364
00000005_undistorted_crop.jpg 5.37454891205 -0.880797386169 -37.8192825317
00000006_undistorted_crop.jpg 5.92193889618 -0.899367332458 -38.2007141113
00000007_undistorted_crop.jpg 7.054708004 -0.690685749054 -38.9528961182
00000008_undistorted_crop.jpg 7.36104393005 -0.610960006714 -39.5595359802
00000009_undistorted_crop.jpg 7.56175470352 -0.543318748474 -39.830116272
00000010_undistorted_crop.jpg 7.6930513382 -0.470674514771 -39.8920059204
00000011_undistorted_crop.jpg 7.36562347412 -0.686170816422 -39.3271789551
00000012_undistorted_crop.jpg 6.81238365173 -0.741154193878 -39.0071525574
00000013_undistorted_crop.jpg 6.36046409607 -0.751772880554 -38.8743171692
00000014_undistorted_crop.jpg 5.64458847046 -0.718400001526 -38.6736907959
00000015_undistorted_crop.jpg 4.8577709198 -0.748119354248 -37.9314041138
00000016_undistorted_crop.jpg 4.62168502808 -0.767817497253 -37.2014923096
00000017_undistorted_crop.jpg 4.85403823853 -0.677954673767 -36.4335479736
00000018_undistorted_crop.jpg 5.28283214569 -0.646988868713 -35.4977989197
00000019_undistorted_crop.jpg 5.87808132172 -0.68349313736 -34.3943405151
00000020_undistorted_crop.jpg 6.38266658783 -0.572354793549 -33.4105606079
00000021_undistorted_crop.jpg 7.0951051712 -0.444758892059 -32.1682815552
00000022_undistorted_crop.jpg 8.39827346802 -0.550302267075 -31.236284256
00000023_undistorted_crop.jpg 9.9139175415 -0.347887158394 -30.7977409363
00000024_undistorted_crop.jpg 11.3919229507 -0.360231220722 -30.6152667999
00000025_undistorted_crop.jpg 12.6697788239 -0.212375283241 -30.3392429352
00000026_undistorted_crop.jpg 14.2137966156 -0.0635063648224 -29.8299217224
00000027_undistorted_crop.jpg 15.5895557404 -0.0216379165649 -28.69024086
00000028_undistorted_crop.jpg 16.9049263 0.123721122742 -28.337890625
00000029_undistorted_crop.jpg 18.0586910248 0.0515842437744 -27.4883041382
00000030_undistorted_crop.jpg 18.8096199036 0.297558307648 -26.265789032
00000031_undistorted_crop.jpg 19.424905777 0.219513893127 -25.2401332855
00000032_undistorted_crop.jpg 20.0032806396 0.135148048401 -24.1077060699
00000033_undistorted_crop.jpg 20.4281425476 0.186718940735 -22.7698078156
00000034_undistorted_crop.jpg 20.3347187042 0.0582780838013 -21.5331344604
00000035_undistorted_crop.jpg 19.7179203033 0.207087516785 -20.2473812103
00000036_undistorted_crop.jpg 19.0623779297 -0.058780670166 -19.0255279541
00000037_undistorted_crop.jpg 18.5354976654 0.0028829574585 -17.8392848969
00000038_undistorted_crop.jpg 18.0622520447 0.0166530609131 -16.5683994293
00000039_undistorted_crop.jpg 17.4180679321 -0.108157157898 -15.3656311035
00000040_undistorted_crop.jpg 16.524930954 0.11531162262 -14.2185811996
00000041_undistorted_crop.jpg 15.6820487976 0.0458106994629 -13.0825901031
00000042_undistorted_crop.jpg 15.2589874268 -0.0973978042603 -12.0410747528
00000043_undistorted_crop.jpg 14.8098068237 -0.169953346252 -10.7067909241
00000044_undistorted_crop.jpg 14.3247776031 0.0180997848511 -9.84300231934
00000045_undistorted_crop.jpg 13.4201021194 0.199786663055 -9.3023853302
00000046_undistorted_crop.jpg 12.6896495819 0.237432479858 -8.85593509674
00000047_undistorted_crop.jpg 12.0826835632 0.323383331299 -8.43959999084
00000048_undistorted_crop.jpg 11.5895299911 0.401580095291 -8.05348968506
00000049_undistorted_crop.jpg 11.3747005463 0.43945479393 -7.92647171021
00000050_undistorted_crop.jpg 11.2783374786 0.483077287674 -7.91128396988
00000051_undistorted_crop.jpg 11.2106599808 0.515785217285 -7.91211652756
00000052_undistorted_crop.jpg 11.1698036194 0.509958267212 -7.9069943428
00000053_undistorted_crop.jpg 11.373626709 0.316560745239 -7.77099323273
00000054_undistorted_crop.jpg 11.5597410202 0.228754997253 -7.62989044189
00000055_undistorted_crop.jpg 11.5519752502 0.245646238327 -7.66014385223
00000056_undistorted_crop.jpg 11.5256214142 0.25968003273 -7.7040014267
00000057_undistorted_crop.jpg 11.5193748474 0.260256767273 -7.70184135437
00000058_undistorted_crop.jpg 11.5152540207 0.260464191437 -7.70046138763
00000059_undistorted_crop.jpg 11.5097866058 0.265095233917 -7.68382120132
00000060_undistorted_crop.jpg 11.4823970795 0.26907324791 -7.66079092026
00000061_undistorted_crop.jpg 11.4832410812 0.269071102142 -7.65188837051
00000062_undistorted_crop.jpg 11.4722614288 0.273581981659 -7.63078927994
00000063_undistorted_crop.jpg 11.4310159683 0.283796310425 -7.62189865112
00000064_undistorted_crop.jpg 11.4127511978 0.276284694672 -7.62539339066
00000065_undistorted_crop.jpg 11.4493684769 0.24219250679 -7.58687353134
00000066_undistorted_crop.jpg 11.59968853 0.213001728058 -7.46596813202
00000067_undistorted_crop.jpg 11.8474330902 0.200501441956 -7.2616481781
00000068_undistorted_crop.jpg 11.936217308 0.182087898254 -7.161277771
00000069_undistorted_crop.jpg 11.9446020126 0.183569669724 -7.13230323792
00000070_undistorted_crop.jpg 11.9597034454 0.177579879761 -7.11039543152
00000071_undistorted_crop.jpg 11.9619646072 0.172857284546 -7.10811042786
00000072_undistorted_crop.jpg 11.972158432 0.172742366791 -7.10115814209
00000073_undistorted_crop.jpg 11.945772171 0.193534135818 -7.11267709732
00000074_undistorted_crop.jpg 11.9500999451 0.183669090271 -7.11220741272
00000075_undistorted_crop.jpg 11.9422597885 0.184856653214 -7.12055110931
00000076_undistorted_crop.jpg 11.9310474396 0.192765951157 -7.13181877136
00000077_undistorted_crop.jpg 11.9195804596 0.190015554428 -7.15072441101
00000078_undistorted_crop.jpg 11.9122667313 0.190603733063 -7.16862201691
00000079_undistorted_crop.jpg 11.90417099 0.196573495865 -7.18005657196
00000080_undistorted_crop.jpg 11.8986206055 0.193782091141 -7.19119691849
00000081_undistorted_crop.jpg 11.8940916061 0.192933082581 -7.1975402832
00000082_undistorted_crop.jpg 11.8677072525 0.200954198837 -7.21124792099
00000083_undistorted_crop.jpg 11.8612556458 0.197340250015 -7.22959947586
00000084_undistorted_crop.jpg 11.855764389 0.198635578156 -7.2349653244
00000085_undistorted_crop.jpg 11.8421401978 0.201691865921 -7.25283670425
00000086_undistorted_crop.jpg 11.7682132721 0.194537162781 -7.31267786026
00000087_undistorted_crop.jpg 11.3967008591 0.361071109772 -7.51617479324
00000088_undistorted_crop.jpg 11.2139339447 0.514755964279 -7.73968982697
00000089_undistorted_crop.jpg 11.2338466644 0.573302388191 -7.93632268906
00000090_undistorted_crop.jpg 11.6022720337 0.429132372141 -7.99927616119
00000091_undistorted_crop.jpg 12.3502950668 0.363416671753 -8.3706407547
00000092_undistorted_crop.jpg 13.0785951614 0.386096179485 -8.94789886475
00000093_undistorted_crop.jpg 13.4756412506 0.443194508553 -9.79386806488
00000094_undistorted_crop.jpg 13.6175251007 0.642202138901 -10.849190712
00000095_undistorted_crop.jpg 13.5864086151 0.572601556778 -12.045627594
00000096_undistorted_crop.jpg 13.7440805435 0.53338766098 -13.0903644562
00000097_undistorted_crop.jpg 13.777466774 0.711174428463 -14.4020853043
00000098_undistorted_crop.jpg 13.7321882248 0.837219357491 -15.2082109451
00000099_undistorted_crop.jpg 13.7586488724 0.836259841919 -15.4139661789
00000100_undistorted_crop.jpg 13.7487850189 0.844987154007 -15.3979511261
00000101_undistorted_crop.jpg 13.7779769897 0.743434429169 -15.2653198242
00000102_undistorted_crop.jpg 13.9294109344 0.731940031052 -15.1197080612
00000103_undistorted_crop.jpg 14.0460214615 0.750387430191 -15.0734767914
00000104_undistorted_crop.jpg 14.0709133148 0.739001989365 -15.0555124283
00000105_undistorted_crop.jpg 14.0796947479 0.631709575653 -14.9763088226
00000106_undistorted_crop.jpg 14.1478567123 0.526443719864 -14.799200058
00000107_undistorted_crop.jpg 14.3121156693 0.388473749161 -14.598236084
00000108_undistorted_crop.jpg 14.4061899185 0.359711408615 -14.4105186462
00000109_undistorted_crop.jpg 14.3933572769 0.386526823044 -14.2553577423
00000110_undistorted_crop.jpg 14.3199005127 0.393462896347 -14.1131181717
00000111_undistorted_crop.jpg 14.349811554 0.410002231598 -13.9594783783
00000112_undistorted_crop.jpg 14.3881578445 0.402961909771 -13.8772106171
00000113_undistorted_crop.jpg 14.4223365784 0.429710030556 -13.854722023
00000114_undistorted_crop.jpg 14.4515666962 0.434006214142 -13.8732709885
00000115_undistorted_crop.jpg 14.4822616577 0.431848466396 -13.9011631012
00000116_undistorted_crop.jpg 14.5037555695 0.437144696712 -13.9340219498
00000117_undistorted_crop.jpg 14.5119562149 0.429374158382 -13.9806900024
00000118_undistorted_crop.jpg 14.493853569 0.43050634861 -14.0126714706
00000119_undistorted_crop.jpg 14.4964456558 0.423048138618 -14.0310430527
00000120_undistorted_crop.jpg 14.5125217438 0.436333477497 -14.0574188232
00000121_undistorted_crop.jpg 14.4927892685 0.445658028126 -14.0793609619
00000122_undistorted_crop.jpg 14.4346723557 0.416538596153 -14.1306667328
00000123_undistorted_crop.jpg 14.2845506668 0.434455633163 -14.4174642563
00000124_undistorted_crop.jpg 13.930103302 0.700474262238 -14.8305425644
00000125_undistorted_crop.jpg 13.6921634674 0.927755117416 -15.0285549164
00000126_undistorted_crop.jpg 13.7645692825 0.831472158432 -14.9818668365
00000127_undistorted_crop.jpg 14.3170280457 0.555324375629 -14.5240516663
00000128_undistorted_crop.jpg 14.843957901 0.494668722153 -14.410777092
00000129_undistorted_crop.jpg 15.4943389893 0.511024951935 -14.6447029114
00000130_undistorted_crop.jpg 16.3920307159 0.578956127167 -14.9137420654
00000131_undistorted_crop.jpg 17.0681877136 0.595779418945 -15.5149459839
00000132_undistorted_crop.jpg 17.2784976959 0.0497732162476 -16.0388793945
00000133_undistorted_crop.jpg 17.3610363007 0.377517223358 -17.9006652832
00000134_undistorted_crop.jpg 18.0479888916 -0.0205516815186 -18.5452690125
00000135_undistorted_crop.jpg 19.0610809326 -0.101893424988 -20.2875747681
00000136_undistorted_crop.jpg 20.4218921661 -0.163579463959 -20.9385261536
00000137_undistorted_crop.jpg 20.7082386017 -0.226924419403 -21.9457435608
00000138_undistorted_crop.jpg 19.5066013336 -0.295222520828 -24.9457855225
00000139_undistorted_crop.jpg 18.6869411469 -0.315482139587 -26.4051761627
00000140_undistorted_crop.jpg 17.7903575897 -0.38601231575 -27.7398910522
00000141_undistorted_crop.jpg 16.6457653046 -0.615026056767 -28.6128368378
00000142_undistorted_crop.jpg 15.2624788284 -0.711929738522 -29.0426101685
00000143_undistorted_crop.jpg 14.0375080109 -0.996465563774 -29.4960842133
00000144_undistorted_crop.jpg 13.2182531357 -1.33015191555 -29.9397220612
00000147_undistorted_crop.jpg 7.3674621582 -0.864167690277 -31.6537837982
00000148_undistorted_crop.jpg 6.30488777161 -1.23099327087 -31.9469165802
00000149_undistorted_crop.jpg 5.4772195816 -0.478719711304 -34.0164413452
00000150_undistorted_crop.jpg 4.66728830338 -0.816667556763 -34.7378463745
00000151_undistorted_crop.jpg 4.31033706665 -0.710423469543 -35.7341766357
00000152_undistorted_crop.jpg 4.18759250641 -0.868825912476 -36.5933227539
00000153_undistorted_crop.jpg 4.80935668945 -0.660161018372 -37.1758308411
00000154_undistorted_crop.jpg 5.52526569366 -0.689776420593 -37.3740615845
00000155_undistorted_crop.jpg 6.0094127655 -0.726450920105 -37.4789848328
00000156_undistorted_crop.jpg 6.66510391235 -0.525506019592 -37.905921936
00000157_undistorted_crop.jpg 7.6240234375 -0.351040840149 -38.8609161377
00000158_undistorted_crop.jpg 8.13216972351 -0.402473449707 -39.5738639832
00000159_undistorted_crop.jpg 8.2785320282 -0.47107052803 -39.9034309387
00000160_undistorted_crop.jpg 7.96575689316 -0.611838102341 -39.9501953125
00000161_undistorted_crop.jpg 7.89685678482 -0.607696056366 -39.9976959229
00000162_undistorted_crop.jpg 7.69909858704 -0.628112316132 -39.9771385193
00000163_undistorted_crop.jpg 7.38487529755 -0.651909828186 -39.9940605164
