00000347_undistorted_crop.jpg 6.77290248871 -0.0110473632812 -38.2662734985
00000348_undistorted_crop.jpg 7.02330207825 -0.124190330505 -38.0950927734
00000349_undistorted_crop.jpg 7.15676689148 -0.194741249084 -37.9299659729
00000350_undistorted_crop.jpg 7.36952018738 -0.0874395370483 -38.2750968933
00000351_undistorted_crop.jpg 7.63202190399 -0.0773334503174 -38.7961616516
00000352_undistorted_crop.jpg 7.65512561798 -0.0918865203857 -38.9348602295
00000353_undistorted_crop.jpg 7.57305431366 -0.116517066956 -38.945526123
00000354_undistorted_crop.jpg 7.47928714752 -0.149487495422 -38.86353302
00000355_undistorted_crop.jpg 7.32860565186 -0.183439254761 -38.741065979
00000356_undistorted_crop.jpg 7.21551322937 -0.189485549927 -38.6798095703
00000357_undistorted_crop.jpg 7.2039399147 -0.178178787231 -38.6834411621
00000358_undistorted_crop.jpg 7.21382570267 -0.175212860107 -38.694152832
00000359_undistorted_crop.jpg 7.21426534653 -0.208682060242 -38.683429718
00000360_undistorted_crop.jpg 7.10494804382 -0.145900130272 -38.3723068237
00000361_undistorted_crop.jpg 6.76741981506 -0.266622543335 -38.2973327637
00000362_undistorted_crop.jpg 6.17335414886 -0.300976753235 -38.0465621948
00000363_undistorted_crop.jpg 4.80284786224 -0.482040405273 -37.5490341187
00000364_undistorted_crop.jpg 3.96161937714 -0.477905273438 -37.3279800415
00000365_undistorted_crop.jpg 4.04470157623 -0.446209907532 -36.6419448853
00000366_undistorted_crop.jpg 4.92730998993 -0.318347930908 -35.488319397
00000367_undistorted_crop.jpg 5.72889995575 -0.22926235199 -33.7716331482
00000368_undistorted_crop.jpg 6.42121887207 -0.037296295166 -32.1828117371
00000369_undistorted_crop.jpg 7.18338394165 0.0683817863464 -30.5874290466
00000370_undistorted_crop.jpg 7.77733135223 -0.223773002625 -30.5649490356
00000371_undistorted_crop.jpg 9.52136802673 -0.00325679779053 -30.1238384247
00000372_undistorted_crop.jpg 11.1659088135 -0.112590789795 -29.8062133789
00000373_undistorted_crop.jpg 12.8900413513 0.251759290695 -29.015455246
00000374_undistorted_crop.jpg 14.3492641449 0.10278236866 -28.2994556427
00000375_undistorted_crop.jpg 15.9767494202 0.259057968855 -27.8534660339
00000379_undistorted_crop.jpg 20.3677062988 0.850047111511 -24.2330093384
00000380_undistorted_crop.jpg 20.4920787811 0.554503440857 -22.9602279663
00000381_undistorted_crop.jpg 20.3390159607 0.3415184021 -21.6283035278
00000382_undistorted_crop.jpg 19.6388969421 0.528326034546 -20.4404029846
00000383_undistorted_crop.jpg 18.9189090729 0.15894985199 -19.2214603424
00000384_undistorted_crop.jpg 18.4588279724 0.265681266785 -18.1626567841
00000385_undistorted_crop.jpg 18.1747779846 0.249207496643 -16.9383659363
00000386_undistorted_crop.jpg 17.7737770081 0.214530944824 -15.8294935226
00000387_undistorted_crop.jpg 17.2821865082 0.307331085205 -14.8126945496
00000388_undistorted_crop.jpg 17.148979187 0.190531432629 -13.7526836395
00000389_undistorted_crop.jpg 17.5388298035 0.41857612133 -12.7458934784
00000390_undistorted_crop.jpg 17.762638092 0.45886015892 -12.2259712219
00000391_undistorted_crop.jpg 17.8425483704 0.523195028305 -12.040681839
00000392_undistorted_crop.jpg 17.8428955078 0.55028128624 -12.0105390549
00000393_undistorted_crop.jpg 17.8292636871 0.55828166008 -12.0246419907
00000394_undistorted_crop.jpg 17.7861938477 0.549564361572 -12.0262355804
00000395_undistorted_crop.jpg 17.6478004456 0.471384763718 -12.0348005295
00000396_undistorted_crop.jpg 17.3796272278 0.385934352875 -12.1716165543
00000397_undistorted_crop.jpg 17.1397190094 0.347243309021 -12.2268610001
00000398_undistorted_crop.jpg 17.0732498169 0.363073825836 -12.1678991318
00000399_undistorted_crop.jpg 17.0365581512 0.381316900253 -12.108789444
00000400_undistorted_crop.jpg 17.0002918243 0.389092922211 -12.1157302856
00000401_undistorted_crop.jpg 16.9798908234 0.397725820541 -12.1402797699
00000402_undistorted_crop.jpg 16.9821834564 0.394633293152 -12.1591596603
00000403_undistorted_crop.jpg 16.9810161591 0.401313304901 -12.1603317261
00000404_undistorted_crop.jpg 16.9881839752 0.407429695129 -12.1646680832
00000405_undistorted_crop.jpg 16.9816322327 0.416682004929 -12.1550865173
00000406_undistorted_crop.jpg 16.8931427002 0.446035861969 -12.1236171722
00000407_undistorted_crop.jpg 16.8155479431 0.48361158371 -12.0787858963
00000408_undistorted_crop.jpg 16.7901325226 0.498415708542 -12.0505523682
00000409_undistorted_crop.jpg 16.7930679321 0.482399702072 -12.034078598
00000410_undistorted_crop.jpg 16.8665943146 0.46110367775 -12.0295658112
00000411_undistorted_crop.jpg 16.9373035431 0.437767505646 -11.9976005554
00000412_undistorted_crop.jpg 16.9841384888 0.453472137451 -12.0038070679
00000413_undistorted_crop.jpg 17.0429058075 0.464583873749 -12.0085840225
00000414_undistorted_crop.jpg 16.9565658569 0.460130691528 -11.9552278519
00000415_undistorted_crop.jpg 16.6605052948 0.488608598709 -11.807062149
00000416_undistorted_crop.jpg 16.3768138885 0.484723567963 -11.6283845901
00000417_undistorted_crop.jpg 16.3594703674 0.453858375549 -11.5464420319
00000418_undistorted_crop.jpg 16.592628479 0.433336257935 -11.6199407578
00000419_undistorted_crop.jpg 16.9673671722 0.412699699402 -11.7114973068
00000420_undistorted_crop.jpg 17.3474521637 0.455214977264 -11.7313537598
00000421_undistorted_crop.jpg 17.5452308655 0.543839454651 -11.7142372131
00000422_undistorted_crop.jpg 17.6077022552 0.598615646362 -11.6322212219
00000423_undistorted_crop.jpg 17.6356048584 0.647056102753 -11.5572061539
00000424_undistorted_crop.jpg 17.6393260956 0.682257413864 -11.53860569
00000425_undistorted_crop.jpg 17.4153137207 0.629241228104 -11.5972480774
00000426_undistorted_crop.jpg 17.2657165527 0.502035140991 -11.797375679
00000427_undistorted_crop.jpg 17.2203464508 0.477485656738 -11.8381671906
00000428_undistorted_crop.jpg 17.2180671692 0.539402246475 -11.714805603
00000429_undistorted_crop.jpg 16.8882656097 0.501282930374 -11.7751674652
00000431_undistorted_crop.jpg 14.9534692764 0.330234527588 -12.4097557068
00000432_undistorted_crop.jpg 14.1257162094 0.356484413147 -12.4135875702
00000433_undistorted_crop.jpg 13.7662477493 0.27916431427 -11.9514551163
00000434_undistorted_crop.jpg 13.8322219849 -0.0331344604492 -10.8453016281
00000435_undistorted_crop.jpg 13.3928403854 0.0264430046082 -9.90163421631
00000436_undistorted_crop.jpg 12.486987114 0.384071350098 -9.61193656921
00000437_undistorted_crop.jpg 11.7969875336 0.372211456299 -9.52717208862
00000438_undistorted_crop.jpg 11.309674263 0.3814702034 -9.12689685822
00000439_undistorted_crop.jpg 10.8067111969 0.499410629272 -8.58743572235
00000440_undistorted_crop.jpg 10.7285356522 0.437481641769 -8.34054660797
00000441_undistorted_crop.jpg 10.9536867142 0.409026861191 -8.20926952362
00000442_undistorted_crop.jpg 11.3749418259 0.405839920044 -8.19559764862
00000443_undistorted_crop.jpg 11.4712734222 0.389227390289 -8.10548591614
00000444_undistorted_crop.jpg 11.3146944046 0.395821809769 -8.036444664
00000445_undistorted_crop.jpg 11.2418003082 0.400256872177 -8.02694225311
00000446_undistorted_crop.jpg 11.199341774 0.417551040649 -8.01905536652
00000447_undistorted_crop.jpg 11.2303218842 0.409495592117 -7.98798084259
00000448_undistorted_crop.jpg 11.1996135712 0.412664890289 -7.98965644836
00000449_undistorted_crop.jpg 11.176738739 0.419529914856 -7.99837446213
00000450_undistorted_crop.jpg 11.1997737885 0.402361631393 -7.98893880844
00000451_undistorted_crop.jpg 11.2416677475 0.407441616058 -8.00124549866
00000452_undistorted_crop.jpg 11.2834358215 0.39176607132 -8.00469779968
00000453_undistorted_crop.jpg 11.274392128 0.399442195892 -8.00760269165
00000454_undistorted_crop.jpg 11.2467088699 0.413953065872 -7.99918460846
00000455_undistorted_crop.jpg 11.3472537994 0.414023399353 -8.05539703369
00000456_undistorted_crop.jpg 11.647102356 0.440356254578 -8.2801618576
00000457_undistorted_crop.jpg 11.6897277832 0.440211772919 -8.26034927368
00000458_undistorted_crop.jpg 11.5725593567 0.360615968704 -7.85282611847
00000459_undistorted_crop.jpg 11.2167310715 0.366194486618 -7.20898723602
00000460_undistorted_crop.jpg 11.0034399033 0.312376379967 -6.79915714264
00000461_undistorted_crop.jpg 11.0845537186 0.288652777672 -6.70852947235
00000462_undistorted_crop.jpg 11.3590278625 0.300862789154 -6.75072669983
00000463_undistorted_crop.jpg 11.5265169144 0.336279630661 -6.90630722046
00000464_undistorted_crop.jpg 11.5211744308 0.363760709763 -7.16451454163
00000465_undistorted_crop.jpg 11.1698331833 0.36681714654 -7.55228471756
00000466_undistorted_crop.jpg 11.022685051 0.303138464689 -7.90409946442
00000467_undistorted_crop.jpg 11.0222158432 0.192448377609 -7.94832611084
00000468_undistorted_crop.jpg 10.8104362488 0.337275981903 -8.1543674469
00000469_undistorted_crop.jpg 10.8958740234 0.252703666687 -8.06409645081
00000470_undistorted_crop.jpg 10.9737644196 0.26588010788 -7.72566270828
00000471_undistorted_crop.jpg 11.109541893 0.128224134445 -7.26851797104
00000472_undistorted_crop.jpg 11.2546510696 0.11397600174 -6.70009231567
00000473_undistorted_crop.jpg 11.2349720001 0.106239795685 -6.22626399994
00000474_undistorted_crop.jpg 11.1226406097 0.131653547287 -5.94898700714
00000475_undistorted_crop.jpg 10.853477478 0.129263401031 -5.73847723007
00000476_undistorted_crop.jpg 8.77850914001 1.45155322552 -6.05522918701
00000477_undistorted_crop.jpg 8.25147533417 1.41427624226 -5.86702156067
00000478_undistorted_crop.jpg 9.69122314453 0.0613586902618 -5.53498840332
00000479_undistorted_crop.jpg 8.3108625412 -0.0626573562622 -5.11187314987
00000480_undistorted_crop.jpg 8.7752571106 0.0452969074249 -4.98577785492
00000481_undistorted_crop.jpg 9.63514518738 0.165336608887 -4.91243553162
00000482_undistorted_crop.jpg 10.0668735504 0.200393557549 -4.99063110352
00000483_undistorted_crop.jpg 10.056760788 0.341002821922 -5.42976665497
00000484_undistorted_crop.jpg 10.5882310867 0.43115362525 -5.66381311417
00000485_undistorted_crop.jpg 10.8668231964 0.4486348629 -5.91105794907
00000486_undistorted_crop.jpg 11.0310554504 0.473258376122 -6.2434425354
00000487_undistorted_crop.jpg 10.962934494 0.426241159439 -6.65359687805
00000488_undistorted_crop.jpg 10.9437685013 0.364629507065 -6.97367095947
00000489_undistorted_crop.jpg 11.1159229279 0.39656162262 -7.20505046844
00000490_undistorted_crop.jpg 11.5968160629 0.528988838196 -7.59550285339
00000491_undistorted_crop.jpg 12.1378631592 0.54825592041 -7.74550151825
00000492_undistorted_crop.jpg 12.5484294891 0.582246541977 -7.73773860931
00000493_undistorted_crop.jpg 12.9803237915 0.115196704865 -7.72220849991
00000494_undistorted_crop.jpg 12.9611787796 0.106294155121 -8.05864715576
00000495_undistorted_crop.jpg 12.9838285446 -0.00981664657593 -8.24828147888
00000496_undistorted_crop.jpg 13.0347061157 -0.0354084968567 -8.52212142944
00000497_undistorted_crop.jpg 13.2557630539 -0.158937454224 -8.50413799286
00000498_undistorted_crop.jpg 13.1433858871 0.514649629593 -9.48027896881
00000499_undistorted_crop.jpg 13.0388746262 0.265604972839 -8.98600578308
00000500_undistorted_crop.jpg 12.6281490326 0.308374404907 -9.05037689209
00000501_undistorted_crop.jpg 12.3049345016 0.314550876617 -8.75906562805
00000502_undistorted_crop.jpg 11.6984062195 0.383272647858 -8.42585945129
00000503_undistorted_crop.jpg 11.3274793625 0.40305018425 -8.28780078888
00000504_undistorted_crop.jpg 11.2045001984 0.412737131119 -8.16480922699
00000505_undistorted_crop.jpg 11.2589664459 0.389332294464 -8.18788433075
00000506_undistorted_crop.jpg 11.3583879471 0.424647569656 -8.30276489258
00000507_undistorted_crop.jpg 11.7235193253 0.490854889154 -8.85614109039
00000508_undistorted_crop.jpg 12.4294204712 0.69279396534 -9.72731018066
00000509_undistorted_crop.jpg 13.3775377274 0.655802369118 -10.610206604
00000510_undistorted_crop.jpg 13.8164672852 0.670965313911 -11.3287696838
00000511_undistorted_crop.jpg 13.8442325592 0.842370033264 -12.3427352905
00000512_undistorted_crop.jpg 13.7720375061 0.824335813522 -13.612490654
00000513_undistorted_crop.jpg 13.7726554871 0.802197217941 -14.2415361404
00000514_undistorted_crop.jpg 13.8059682846 0.781253576279 -14.2253770828
00000515_undistorted_crop.jpg 13.9946212769 0.82453083992 -14.1540870667
00000516_undistorted_crop.jpg 14.3133001328 0.713837265968 -13.2982740402
00000517_undistorted_crop.jpg 14.6955566406 0.34424495697 -12.5930175781
00000518_undistorted_crop.jpg 14.6431703568 0.303999900818 -12.2129936218
00000519_undistorted_crop.jpg 14.276971817 0.179874420166 -11.2800712585
00000520_undistorted_crop.jpg 13.8978328705 0.168568611145 -10.410235405
00000521_undistorted_crop.jpg 13.3022003174 0.291985034943 -9.82515335083
00000522_undistorted_crop.jpg 12.658905983 0.415100574493 -9.36862754822
00000523_undistorted_crop.jpg 11.9907112122 0.395607471466 -9.080493927
00000524_undistorted_crop.jpg 11.4734096527 0.366453647614 -8.67931365967
00000525_undistorted_crop.jpg 11.1772623062 0.410007953644 -8.0920124054
00000526_undistorted_crop.jpg 10.9926748276 0.467537879944 -7.22815799713
00000527_undistorted_crop.jpg 10.781452179 0.478172779083 -6.7484292984
00000528_undistorted_crop.jpg 10.4552612305 0.445088386536 -6.46319198608
00000529_undistorted_crop.jpg 9.99336719513 0.305685520172 -6.52571868896
00000530_undistorted_crop.jpg 9.10573673248 0.290380001068 -6.59514141083
00000531_undistorted_crop.jpg 8.92067718506 0.324106693268 -6.39731884003
00000540_undistorted_crop.jpg 6.14499759674 0.309506654739 -2.93570518494
00000541_undistorted_crop.jpg 5.09374094009 0.132560968399 -3.05329275131
00000542_undistorted_crop.jpg 4.112429142 0.254294514656 -3.80312108994
00000543_undistorted_crop.jpg 3.6369934082 0.00695562362671 -4.76262807846
00000544_undistorted_crop.jpg 2.95436000824 0.00931417942047 -5.69030714035
00000545_undistorted_crop.jpg 0.326757907867 0.477421760559 -6.87606954575
00000546_undistorted_crop.jpg -0.366241693497 0.400610208511 -9.26261138916
00000547_undistorted_crop.jpg -0.127311348915 0.472263336182 -10.8735332489
00000548_undistorted_crop.jpg -0.123813867569 0.500883579254 -12.4487094879
00000549_undistorted_crop.jpg -0.346702337265 0.820212841034 -14.2401618958
00000550_undistorted_crop.jpg 0.220377862453 0.676473140717 -15.8603458405
00000551_undistorted_crop.jpg 1.18458151817 0.843729972839 -17.3440208435
00000552_undistorted_crop.jpg 2.26312398911 0.561049461365 -18.7036056519
00000553_undistorted_crop.jpg 3.17338848114 0.667611122131 -20.3018760681
00000554_undistorted_crop.jpg 4.02688980103 0.193027496338 -21.8186187744
00000555_undistorted_crop.jpg 4.99931240082 0.127005577087 -22.8146934509
00000556_undistorted_crop.jpg 5.98201084137 -0.227633476257 -23.9452533722
00000557_undistorted_crop.jpg 6.47992038727 -0.314553260803 -25.509147644
00000558_undistorted_crop.jpg 6.53580665588 -0.533816814423 -26.7876834869
00000559_undistorted_crop.jpg 6.76527118683 -0.592168807983 -28.3034477234
00000560_undistorted_crop.jpg 7.27005720139 -0.479665756226 -29.8651618958
00000561_undistorted_crop.jpg 7.38477706909 -0.620526313782 -31.1252365112
00000562_undistorted_crop.jpg 6.99462223053 -0.382035255432 -32.8033676147
00000563_undistorted_crop.jpg 6.95800256729 -0.565621376038 -34.1981773376
00000564_undistorted_crop.jpg 6.97154140472 -0.264642715454 -34.9952316284
00000565_undistorted_crop.jpg 6.89345359802 -0.224946975708 -35.4540290833
00000566_undistorted_crop.jpg 6.55024814606 -0.10671043396 -35.8322143555
00000567_undistorted_crop.jpg 6.42538261414 -0.0150394439697 -36.24949646
00000568_undistorted_crop.jpg 5.89400339127 -0.267827987671 -36.2034759521
00000569_undistorted_crop.jpg 5.53307962418 -0.319273948669 -36.0268669128
00000570_undistorted_crop.jpg 5.37510681152 -0.267126083374 -36.0216255188
00000571_undistorted_crop.jpg 5.11420440674 -0.323759555817 -36.1629524231
00000572_undistorted_crop.jpg 5.15308952332 -0.227391242981 -36.4877319336
