00000001_undistorted_crop.jpg 4.64505577087 -0.846394300461 -37.4914894104
00000002_undistorted_crop.jpg 4.65236949921 -0.84591293335 -37.4943466187
00000003_undistorted_crop.jpg 4.64820480347 -0.831995010376 -37.4899597168
00000004_undistorted_crop.jpg 4.64933395386 -0.840230941772 -37.4426383972
00000005_undistorted_crop.jpg 4.67067337036 -0.848267555237 -37.3729896545
00000006_undistorted_crop.jpg 4.73217391968 -0.873675346375 -37.349105835
00000007_undistorted_crop.jpg 5.05973625183 -0.887103319168 -37.3321495056
00000008_undistorted_crop.jpg 5.24411058426 -0.869280815125 -37.3249702454
00000009_undistorted_crop.jpg 5.62682771683 -0.835723698139 -37.4995727539
00000010_undistorted_crop.jpg 6.02894449234 -0.742694377899 -37.9189033508
00000011_undistorted_crop.jpg 6.24646663666 -0.601046562195 -38.4325027466
00000012_undistorted_crop.jpg 6.66847991943 -0.61793422699 -39.1010704041
00000013_undistorted_crop.jpg 7.34684371948 -0.520212173462 -39.6158828735
00000014_undistorted_crop.jpg 7.68049716949 -0.419795036316 -39.7090606689
00000015_undistorted_crop.jpg 7.68491411209 -0.470765471458 -39.4133033752
00000016_undistorted_crop.jpg 7.05222177505 -0.704552173615 -38.8895874023
00000017_undistorted_crop.jpg 6.20544624329 -0.693524360657 -38.5987281799
00000018_undistorted_crop.jpg 5.32113265991 -0.728801727295 -38.4442596436
00000019_undistorted_crop.jpg 4.583735466 -0.809973716736 -38.3464736938
00000020_undistorted_crop.jpg 4.33154773712 -0.823701858521 -38.1240577698
00000021_undistorted_crop.jpg 4.18729305267 -0.814715385437 -37.9924964905
00000022_undistorted_crop.jpg 4.0532283783 -0.802561759949 -37.9011192322
00000023_undistorted_crop.jpg 3.98283481598 -0.819087028503 -37.8291320801
00000024_undistorted_crop.jpg 4.0409412384 -0.836637496948 -37.5499610901
00000025_undistorted_crop.jpg 4.17293167114 -0.802136898041 -36.9460830688
00000026_undistorted_crop.jpg 4.7302980423 -0.608009815216 -35.9610977173
00000027_undistorted_crop.jpg 5.33948707581 -0.672254085541 -35.0410766602
00000028_undistorted_crop.jpg 5.89091396332 -0.631863594055 -34.1575050354
00000029_undistorted_crop.jpg 6.73470401764 -0.534582853317 -33.1249465942
00000030_undistorted_crop.jpg 7.92209243774 -0.602899312973 -32.3007087708
00000031_undistorted_crop.jpg 9.55357551575 -0.401818037033 -31.9057579041
00000032_undistorted_crop.jpg 11.2021045685 -0.378048062325 -31.6827106476
00000033_undistorted_crop.jpg 12.4391908646 -0.243644356728 -31.311958313
00000034_undistorted_crop.jpg 13.8583164215 -0.112344026566 -30.7108917236
00000035_undistorted_crop.jpg 15.175069809 -0.23811006546 -30.6152420044
00000036_undistorted_crop.jpg 16.8355846405 0.115548610687 -29.4122009277
00000037_undistorted_crop.jpg 18.0651435852 -0.0147218704224 -28.7888298035
00000038_undistorted_crop.jpg 18.8183765411 0.149271965027 -28.121307373
00000039_undistorted_crop.jpg 19.5282917023 0.240406990051 -26.751996994
00000040_undistorted_crop.jpg 20.2406845093 0.165800094604 -25.7850170135
00000041_undistorted_crop.jpg 20.922618866 0.275091171265 -24.5555706024
00000042_undistorted_crop.jpg 21.1033096313 0.10033416748 -23.3380260468
00000043_undistorted_crop.jpg 20.647277832 0.235629081726 -22.0279064178
00000044_undistorted_crop.jpg 19.948261261 0.0528888702393 -20.7500915527
00000045_undistorted_crop.jpg 19.3209915161 0.106293678284 -19.3853321075
00000046_undistorted_crop.jpg 18.7288780212 -0.0159091949463 -18.128704071
00000047_undistorted_crop.jpg 18.1782531738 -0.182717323303 -17.0731048584
00000048_undistorted_crop.jpg 17.1124572754 0.0870180130005 -15.6679773331
00000049_undistorted_crop.jpg 16.4295940399 -0.0336065292358 -14.4187631607
00000050_undistorted_crop.jpg 15.6375713348 0.286602020264 -12.7657842636
00000051_undistorted_crop.jpg 15.3246135712 -0.020149230957 -11.5637340546
00000052_undistorted_crop.jpg 14.4840116501 0.255745887756 -10.7455024719
00000053_undistorted_crop.jpg 13.6850347519 0.308772087097 -10.0362758636
00000054_undistorted_crop.jpg 13.010761261 0.274357318878 -9.38530063629
00000055_undistorted_crop.jpg 12.6404495239 0.369235515594 -8.57831192017
00000056_undistorted_crop.jpg 12.2544288635 0.300185680389 -7.81377840042
00000057_undistorted_crop.jpg 11.9120283127 0.265036582947 -7.5398015976
00000058_undistorted_crop.jpg 11.5446186066 0.43159365654 -7.75063705444
00000059_undistorted_crop.jpg 11.2653617859 0.586294174194 -7.98994445801
00000060_undistorted_crop.jpg 11.1213607788 0.680418252945 -8.12937068939
00000061_undistorted_crop.jpg 11.0416603088 0.750288248062 -8.23877239227
00000062_undistorted_crop.jpg 11.0222024918 0.769448518753 -8.26764011383
00000063_undistorted_crop.jpg 11.0621585846 0.748048067093 -8.19441223145
00000064_undistorted_crop.jpg 11.3087739944 0.504028558731 -7.81157255173
00000065_undistorted_crop.jpg 11.6682090759 0.257141828537 -7.3065738678
00000066_undistorted_crop.jpg 11.9226665497 0.160185575485 -7.11889600754
00000067_undistorted_crop.jpg 11.9585037231 0.140028476715 -7.27041530609
00000068_undistorted_crop.jpg 11.8147029877 0.186115026474 -7.49891757965
00000069_undistorted_crop.jpg 11.7004394531 0.245428323746 -7.72793865204
00000070_undistorted_crop.jpg 11.6632671356 0.256415128708 -7.85155439377
00000071_undistorted_crop.jpg 11.6226377487 0.275834560394 -7.87601852417
00000072_undistorted_crop.jpg 11.6003255844 0.278622865677 -7.85431480408
00000073_undistorted_crop.jpg 11.6092166901 0.264581203461 -7.78888130188
00000074_undistorted_crop.jpg 11.6425008774 0.240744352341 -7.71060991287
00000075_undistorted_crop.jpg 11.6000232697 0.262698888779 -7.68834161758
00000076_undistorted_crop.jpg 11.6021490097 0.261449337006 -7.68971061707
00000077_undistorted_crop.jpg 11.583366394 0.271598577499 -7.68872642517
00000078_undistorted_crop.jpg 11.569275856 0.270640611649 -7.68340826035
00000079_undistorted_crop.jpg 11.5512485504 0.264103889465 -7.68867731094
00000080_undistorted_crop.jpg 11.543176651 0.278188705444 -7.6961145401
00000081_undistorted_crop.jpg 11.5397968292 0.283097743988 -7.69003582001
00000082_undistorted_crop.jpg 11.5379648209 0.287943124771 -7.68819093704
00000083_undistorted_crop.jpg 11.6202383041 0.216220378876 -7.63537073135
00000084_undistorted_crop.jpg 11.8241109848 0.145875692368 -7.49434232712
00000085_undistorted_crop.jpg 11.9697504044 0.131732940674 -7.32760858536
00000086_undistorted_crop.jpg 12.0652179718 0.11958360672 -7.20718860626
00000087_undistorted_crop.jpg 12.1531257629 0.112822055817 -7.10751056671
00000088_undistorted_crop.jpg 12.2198724747 0.127820014954 -7.04860877991
00000089_undistorted_crop.jpg 12.2560138702 0.130659818649 -7.00970029831
00000090_undistorted_crop.jpg 12.2756195068 0.127814531326 -6.99386024475
00000091_undistorted_crop.jpg 12.2782688141 0.126958847046 -6.9913520813
00000092_undistorted_crop.jpg 12.2919158936 0.134583234787 -6.98357582092
00000093_undistorted_crop.jpg 12.2863960266 0.138176441193 -6.98956441879
00000094_undistorted_crop.jpg 12.2814855576 0.137039899826 -7.00175476074
00000095_undistorted_crop.jpg 12.2882232666 0.129823684692 -7.00692176819
00000096_undistorted_crop.jpg 12.267367363 0.134692668915 -7.0175538063
00000097_undistorted_crop.jpg 12.2588787079 0.133488893509 -7.03148078918
00000098_undistorted_crop.jpg 12.2505645752 0.128164052963 -7.04341316223
00000099_undistorted_crop.jpg 12.2399749756 0.132945775986 -7.04310035706
00000100_undistorted_crop.jpg 12.2470979691 0.131563663483 -7.04072189331
00000101_undistorted_crop.jpg 12.2351427078 0.133223056793 -7.05286693573
00000102_undistorted_crop.jpg 12.2324390411 0.133453130722 -7.06981182098
00000103_undistorted_crop.jpg 12.2205591202 0.163613796234 -7.17888975143
00000104_undistorted_crop.jpg 11.9665126801 0.232112646103 -7.35030841827
00000105_undistorted_crop.jpg 11.4974040985 0.418507695198 -7.60214996338
00000106_undistorted_crop.jpg 11.3260889053 0.529138445854 -7.71849966049
00000107_undistorted_crop.jpg 11.3674287796 0.50457149744 -7.70954847336
00000108_undistorted_crop.jpg 11.7782354355 0.466473281384 -8.13162517548
00000109_undistorted_crop.jpg 12.530632019 0.44491994381 -8.68224525452
00000110_undistorted_crop.jpg 13.3911218643 0.546370983124 -9.5080575943
00000111_undistorted_crop.jpg 13.8474493027 0.488515377045 -10.3033981323
00000112_undistorted_crop.jpg 13.9701395035 0.603175640106 -11.3423786163
00000113_undistorted_crop.jpg 13.9643802643 0.520848035812 -12.5059423447
00000114_undistorted_crop.jpg 14.0247602463 0.462166070938 -13.4470663071
00000115_undistorted_crop.jpg 13.9702453613 0.631964743137 -14.6285476685
00000116_undistorted_crop.jpg 13.8500881195 0.719526290894 -15.4412193298
00000117_undistorted_crop.jpg 13.8290777206 0.752523183823 -15.656003952
00000118_undistorted_crop.jpg 13.9474534988 0.645603895187 -15.534907341
00000119_undistorted_crop.jpg 14.0528354645 0.59162402153 -15.3113012314
00000120_undistorted_crop.jpg 14.1885032654 0.57651591301 -14.9192495346
00000121_undistorted_crop.jpg 14.2840337753 0.554148674011 -14.4389200211
00000122_undistorted_crop.jpg 14.3534822464 0.500924110413 -14.0510101318
00000123_undistorted_crop.jpg 14.3418712616 0.561738729477 -14.0074911118
00000124_undistorted_crop.jpg 14.4801044464 0.487825751305 -13.8420333862
00000125_undistorted_crop.jpg 14.4104204178 0.528082847595 -13.9394426346
00000126_undistorted_crop.jpg 14.4784393311 0.530138492584 -13.9730997086
00000127_undistorted_crop.jpg 14.4961166382 0.529558181763 -14.0046443939
00000128_undistorted_crop.jpg 14.4556941986 0.518115282059 -14.0303478241
00000129_undistorted_crop.jpg 14.4627170563 0.479681491852 -14.0183601379
00000130_undistorted_crop.jpg 14.4666910172 0.46649479866 -14.0035142899
00000131_undistorted_crop.jpg 14.4659366608 0.474118351936 -13.9945363998
00000132_undistorted_crop.jpg 14.4744787216 0.476710796356 -13.9941234589
00000133_undistorted_crop.jpg 14.4618930817 0.490700006485 -14.0155553818
00000134_undistorted_crop.jpg 14.4454488754 0.490308403969 -14.0085401535
00000135_undistorted_crop.jpg 14.4494552612 0.482897043228 -14.0117034912
00000136_undistorted_crop.jpg 14.4484367371 0.488823771477 -14.0148563385
00000137_undistorted_crop.jpg 14.4385004044 0.479727506638 -14.0220823288
00000138_undistorted_crop.jpg 14.4448604584 0.490295529366 -14.0187549591
00000139_undistorted_crop.jpg 14.4599189758 0.490466833115 -14.0223073959
00000140_undistorted_crop.jpg 14.5004291534 0.448591351509 -13.9266777039
00000141_undistorted_crop.jpg 14.4976758957 0.398422122002 -13.8934650421
00000142_undistorted_crop.jpg 14.4843254089 0.403631329536 -13.9572210312
00000143_undistorted_crop.jpg 14.4986152649 0.407891154289 -14.024848938
00000144_undistorted_crop.jpg 14.4880638123 0.409802913666 -14.2312240601
00000145_undistorted_crop.jpg 14.3200006485 0.476482152939 -14.7704973221
00000146_undistorted_crop.jpg 14.0403671265 0.714777708054 -15.1866617203
00000147_undistorted_crop.jpg 14.1543779373 0.701197326183 -15.1431446075
00000148_undistorted_crop.jpg 14.7710351944 0.533999204636 -14.8518676758
00000149_undistorted_crop.jpg 15.5410776138 0.58522105217 -15.0527095795
00000150_undistorted_crop.jpg 16.6337184906 0.651357650757 -15.3504734039
00000151_undistorted_crop.jpg 17.024105072 -0.274788856506 -15.53540802
00000152_undistorted_crop.jpg 17.6355724335 -0.148012638092 -16.7802963257
00000153_undistorted_crop.jpg 18.1887207031 -0.25341463089 -18.3879489899
00000154_undistorted_crop.jpg 18.8006973267 -0.0944199562073 -19.9589576721
00000155_undistorted_crop.jpg 20.0234909058 -0.268749713898 -21.5501613617
00000156_undistorted_crop.jpg 20.1788311005 -0.405644655228 -23.4391365051
00000157_undistorted_crop.jpg 19.6978759766 -0.261632919312 -25.0653018951
00000158_undistorted_crop.jpg 19.2629814148 -0.548945426941 -26.4825191498
00000159_undistorted_crop.jpg 18.4981098175 -0.389059305191 -27.7998123169
00000160_undistorted_crop.jpg 17.2627162933 -0.773756146431 -29.0824375153
00000161_undistorted_crop.jpg 15.3434715271 -0.530696988106 -29.4516925812
00000162_undistorted_crop.jpg 13.7129583359 -0.72977411747 -29.8356151581
00000163_undistorted_crop.jpg 12.1548681259 -0.698685526848 -30.2740249634
00000164_undistorted_crop.jpg 10.6015281677 -0.892547369003 -30.7510643005
00000165_undistorted_crop.jpg 13.4388828278 -3.16107535362 -21.9220371246
00000166_undistorted_crop.jpg 7.03645706177 -0.829201698303 -32.0363998413
00000167_undistorted_crop.jpg 6.06032276154 -0.821352958679 -33.1466903687
00000168_undistorted_crop.jpg 5.09032440186 -0.454446792603 -34.5070610046
00000169_undistorted_crop.jpg 4.69295024872 -0.758625984192 -35.4416542053
00000170_undistorted_crop.jpg 4.45796871185 -0.708164215088 -36.3702392578
00000171_undistorted_crop.jpg 5.24645805359 -0.629315376282 -37.1357727051
00000172_undistorted_crop.jpg 6.1878900528 -0.598641395569 -37.2665176392
00000173_undistorted_crop.jpg 6.52724885941 -0.900529623032 -37.220199585
00000174_undistorted_crop.jpg 6.49202251434 -0.896593570709 -37.1040649414
00000175_undistorted_crop.jpg 6.57893800735 -0.85018992424 -37.4426498413
00000176_undistorted_crop.jpg 6.82987928391 -0.865328431129 -38.0150756836
00000177_undistorted_crop.jpg 6.89861154556 -0.898253202438 -38.4449806213
00000178_undistorted_crop.jpg 6.76787948608 -0.908936977386 -38.6323928833
00000179_undistorted_crop.jpg 6.65658092499 -0.888333797455 -38.7372436523
00000180_undistorted_crop.jpg 6.58213710785 -0.872110366821 -38.7534332275
00000181_undistorted_crop.jpg 6.50781726837 -0.857827186584 -38.7626991272
00000182_undistorted_crop.jpg 6.49567985535 -0.842545747757 -38.8155860901
00000183_undistorted_crop.jpg 6.57418251038 -0.842492103577 -38.9401741028
00000184_undistorted_crop.jpg 6.64266872406 -0.819581985474 -38.9708366394
00000185_undistorted_crop.jpg 6.69314098358 -0.796405315399 -39.0019187927
00000186_undistorted_crop.jpg 6.70269584656 -0.793839454651 -39.0132980347
00000187_undistorted_crop.jpg 6.74499797821 -0.773550987244 -39.0151252747
