00000219_undistorted_crop.jpg 6.02253198624 0.0934629440308 -36.9120025635
00000220_undistorted_crop.jpg 6.29336309433 0.125176429749 -37.2949371338
00000221_undistorted_crop.jpg 6.61613130569 0.16854095459 -37.5981941223
00000222_undistorted_crop.jpg 7.14364290237 0.25964641571 -37.925994873
00000223_undistorted_crop.jpg 7.64823532104 0.254580497742 -38.3510894775
00000224_undistorted_crop.jpg 7.75531768799 0.201982975006 -38.614528656
00000225_undistorted_crop.jpg 7.61049938202 0.228677988052 -38.7406997681
00000226_undistorted_crop.jpg 7.21973419189 0.314236521721 -38.8480224609
00000227_undistorted_crop.jpg 6.54356908798 0.440249085426 -38.796962738
00000228_undistorted_crop.jpg 6.09238481522 0.404159545898 -38.7260627747
00000229_undistorted_crop.jpg 6.08023166656 0.368663787842 -38.6562004089
00000230_undistorted_crop.jpg 6.3055934906 0.259116172791 -38.3831596375
00000231_undistorted_crop.jpg 6.28363704681 0.0324091911316 -38.0553512573
00000232_undistorted_crop.jpg 5.87631559372 0.0313067436218 -37.4960517883
00000233_undistorted_crop.jpg 5.30699729919 -0.0241842269897 -36.8336105347
00000234_undistorted_crop.jpg 5.07429885864 -0.197929859161 -36.3128967285
00000235_undistorted_crop.jpg 5.21638298035 -0.175083637238 -35.9719963074
00000236_undistorted_crop.jpg 5.36602020264 -0.191495895386 -35.82396698
00000237_undistorted_crop.jpg 5.40095806122 -0.134602546692 -35.6629257202
00000238_undistorted_crop.jpg 5.51320362091 -0.00378465652466 -35.5749359131
00000239_undistorted_crop.jpg 5.49391031265 0.0155100822449 -35.366481781
00000240_undistorted_crop.jpg 5.47717428207 0.0195713043213 -35.0895271301
00000241_undistorted_crop.jpg 5.57264614105 0.026294708252 -34.7014846802
00000242_undistorted_crop.jpg 6.15748691559 0.167396068573 -34.0149726868
00000243_undistorted_crop.jpg 7.02392482758 0.171948671341 -33.3781356812
00000244_undistorted_crop.jpg 8.07097148895 0.172338008881 -32.8610572815
00000245_undistorted_crop.jpg 9.33318138123 0.414494991302 -32.242641449
00000246_undistorted_crop.jpg 10.6004457474 0.262690782547 -31.7935256958
00000247_undistorted_crop.jpg 11.9888601303 0.514434576035 -31.2123279572
00000248_undistorted_crop.jpg 13.3025188446 0.403147816658 -30.6897068024
00000249_undistorted_crop.jpg 14.4618549347 0.499140322208 -30.0141124725
00000250_undistorted_crop.jpg 15.6508483887 0.50191795826 -29.0450382233
00000256_undistorted_crop.jpg 20.4393482208 0.909553527832 -23.5324897766
00000257_undistorted_crop.jpg 20.6091957092 0.888653755188 -22.6093864441
00000258_undistorted_crop.jpg 20.3843574524 1.04057884216 -21.6718826294
00000259_undistorted_crop.jpg 19.9531574249 1.0131444931 -20.6824188232
00000260_undistorted_crop.jpg 19.4637889862 0.919048309326 -19.6850700378
00000261_undistorted_crop.jpg 19.0343265533 0.993999481201 -18.5172977448
00000262_undistorted_crop.jpg 18.5333595276 0.770690917969 -17.6004695892
00000263_undistorted_crop.jpg 17.8582000732 0.710851669312 -16.8622283936
00000264_undistorted_crop.jpg 17.1782875061 0.89848613739 -15.3476314545
00000265_undistorted_crop.jpg 16.777797699 0.808030605316 -14.5671844482
00000266_undistorted_crop.jpg 16.4323825836 0.755377292633 -13.7065000534
00000267_undistorted_crop.jpg 16.36444664 0.691816329956 -12.9847354889
00000268_undistorted_crop.jpg 16.453212738 0.627999663353 -12.488658905
00000269_undistorted_crop.jpg 16.918094635 0.733565807343 -12.2172250748
00000270_undistorted_crop.jpg 17.484046936 0.695203781128 -12.0757780075
00000271_undistorted_crop.jpg 17.88763237 0.75740814209 -11.7929611206
00000272_undistorted_crop.jpg 17.9625854492 0.82214641571 -11.5583457947
00000273_undistorted_crop.jpg 17.9505233765 0.837788581848 -11.4145030975
00000274_undistorted_crop.jpg 17.9139080048 0.845821380615 -11.338054657
00000275_undistorted_crop.jpg 17.8800563812 0.845037937164 -11.3113985062
00000276_undistorted_crop.jpg 17.7985801697 0.768794059753 -11.3059425354
00000277_undistorted_crop.jpg 17.7027664185 0.713933467865 -11.2978248596
00000278_undistorted_crop.jpg 17.5772399902 0.704473495483 -11.306763649
00000279_undistorted_crop.jpg 17.4590072632 0.707093238831 -11.3262958527
00000280_undistorted_crop.jpg 17.4019241333 0.733446836472 -11.3264427185
00000281_undistorted_crop.jpg 17.3276252747 0.727318525314 -11.3236026764
00000282_undistorted_crop.jpg 17.30742836 0.716480493546 -11.3190193176
00000283_undistorted_crop.jpg 17.2970161438 0.735240936279 -11.3058652878
00000284_undistorted_crop.jpg 17.2749462128 0.756244659424 -11.3005666733
00000285_undistorted_crop.jpg 17.2572364807 0.79581785202 -11.2784337997
00000286_undistorted_crop.jpg 17.2724514008 0.831621170044 -11.210234642
00000287_undistorted_crop.jpg 17.3797855377 0.877727508545 -11.1137075424
00000288_undistorted_crop.jpg 17.4138450623 0.866832256317 -11.1104240417
00000289_undistorted_crop.jpg 17.4778022766 0.850501060486 -11.1522436142
00000290_undistorted_crop.jpg 17.5277881622 0.828616142273 -11.1944522858
00000291_undistorted_crop.jpg 17.5683116913 0.835195064545 -11.2206583023
00000292_undistorted_crop.jpg 17.5944957733 0.84449672699 -11.2255725861
00000293_undistorted_crop.jpg 17.5965480804 0.837026596069 -11.2297401428
00000294_undistorted_crop.jpg 17.596408844 0.827445983887 -11.2419719696
00000295_undistorted_crop.jpg 17.5884494781 0.837642669678 -11.2386579514
00000296_undistorted_crop.jpg 17.5826816559 0.839258670807 -11.2382621765
00000297_undistorted_crop.jpg 17.5825366974 0.840151786804 -11.2484693527
00000298_undistorted_crop.jpg 17.5714855194 0.839490413666 -11.2565746307
00000299_undistorted_crop.jpg 17.568857193 0.838116645813 -11.2736730576
00000300_undistorted_crop.jpg 17.5603523254 0.834787845612 -11.2799501419
00000301_undistorted_crop.jpg 17.5280208588 0.827511310577 -11.2612304688
00000302_undistorted_crop.jpg 17.4501667023 0.838556289673 -11.1658220291
00000303_undistorted_crop.jpg 17.3905315399 0.855536222458 -11.0524368286
00000304_undistorted_crop.jpg 17.3633613586 0.865519523621 -10.9653463364
00000305_undistorted_crop.jpg 17.3464488983 0.864641666412 -10.9139575958
00000306_undistorted_crop.jpg 17.367023468 0.887515306473 -10.8499279022
00000307_undistorted_crop.jpg 17.3716316223 0.890081167221 -10.8686962128
00000308_undistorted_crop.jpg 17.3749198914 0.901458263397 -10.8427352905
00000309_undistorted_crop.jpg 17.3488731384 0.948903560638 -10.7671642303
00000310_undistorted_crop.jpg 17.2705440521 0.917474985123 -10.8525896072
00000311_undistorted_crop.jpg 17.2327384949 0.84512424469 -10.9986839294
00000312_undistorted_crop.jpg 17.1306438446 0.751232385635 -11.2052898407
00000313_undistorted_crop.jpg 16.9351348877 0.682647228241 -11.4978590012
00000314_undistorted_crop.jpg 16.502828598 0.721377849579 -11.6191120148
00000315_undistorted_crop.jpg 16.0210895538 0.760275363922 -11.7248163223
00000316_undistorted_crop.jpg 15.8782205582 0.723873615265 -11.7056064606
00000317_undistorted_crop.jpg 16.1162719727 0.687226295471 -11.7766218185
00000318_undistorted_crop.jpg 16.1945724487 0.658014297485 -11.8917598724
00000319_undistorted_crop.jpg 16.0298557281 0.744685649872 -11.8461179733
00000320_undistorted_crop.jpg 15.803232193 0.73402929306 -11.8778743744
00000321_undistorted_crop.jpg 15.2386131287 0.688725471497 -11.8466129303
00000322_undistorted_crop.jpg 14.5304899216 0.60643196106 -11.4774112701
00000323_undistorted_crop.jpg 14.3115005493 0.616191864014 -11.4411945343
00000324_undistorted_crop.jpg 13.6281299591 0.720012187958 -10.8118152618
00000325_undistorted_crop.jpg 12.8015117645 0.678500652313 -10.1823253632
00000326_undistorted_crop.jpg 12.0250272751 0.726531028748 -9.74079322815
00000327_undistorted_crop.jpg 11.3807296753 0.91511964798 -9.41666984558
00000328_undistorted_crop.jpg 10.9598884583 0.911631345749 -9.06059074402
00000329_undistorted_crop.jpg 10.6744375229 0.907640457153 -8.68681907654
00000330_undistorted_crop.jpg 10.5425233841 0.914899706841 -8.51342010498
00000331_undistorted_crop.jpg 10.5406694412 0.918952941895 -8.51682472229
00000332_undistorted_crop.jpg 10.5441265106 0.888446211815 -8.57488918304
00000333_undistorted_crop.jpg 10.5967235565 0.861062765121 -8.63855552673
00000334_undistorted_crop.jpg 10.66685009 0.896889209747 -8.69301795959
00000335_undistorted_crop.jpg 10.7324047089 0.93970477581 -8.63866329193
00000336_undistorted_crop.jpg 10.7054281235 0.904158830643 -8.45178031921
00000337_undistorted_crop.jpg 10.6555566788 0.925337433815 -8.38097476959
00000338_undistorted_crop.jpg 10.6485300064 0.902707219124 -8.46990299225
00000339_undistorted_crop.jpg 10.6441612244 0.894006490707 -8.53272724152
00000340_undistorted_crop.jpg 10.6210479736 0.90817630291 -8.57049846649
00000341_undistorted_crop.jpg 10.644115448 0.882154464722 -8.54084968567
00000342_undistorted_crop.jpg 10.6494941711 0.882625699043 -8.51568698883
00000343_undistorted_crop.jpg 10.6091909409 0.887846589088 -8.51121425629
00000344_undistorted_crop.jpg 10.5911254883 0.893405199051 -8.52910423279
00000345_undistorted_crop.jpg 10.5582675934 0.879888057709 -8.53521060944
00000346_undistorted_crop.jpg 10.6005401611 0.852502584457 -8.52335262299
00000347_undistorted_crop.jpg 10.6806735992 0.842850446701 -8.46396255493
00000348_undistorted_crop.jpg 10.7535448074 0.750156283379 -8.26457977295
00000349_undistorted_crop.jpg 11.0872516632 0.668825626373 -8.08895874023
00000350_undistorted_crop.jpg 11.5495796204 0.630893230438 -8.08029556274
00000351_undistorted_crop.jpg 11.8600854874 0.594892024994 -8.03544235229
00000352_undistorted_crop.jpg 11.9371623993 0.577362060547 -7.89384889603
00000353_undistorted_crop.jpg 11.9484949112 0.569987535477 -7.79685878754
00000354_undistorted_crop.jpg 11.9462375641 0.562592029572 -7.72551059723
00000355_undistorted_crop.jpg 11.9796648026 0.570521831512 -7.65296268463
00000356_undistorted_crop.jpg 11.9902353287 0.56524848938 -7.59493637085
00000357_undistorted_crop.jpg 11.976931572 0.564250230789 -7.55960083008
00000358_undistorted_crop.jpg 12.0092086792 0.567538261414 -7.53042984009
00000359_undistorted_crop.jpg 12.0018167496 0.573679924011 -7.46891117096
00000360_undistorted_crop.jpg 11.9815387726 0.587418079376 -7.44413328171
00000361_undistorted_crop.jpg 11.9898948669 0.587823867798 -7.44602060318
00000362_undistorted_crop.jpg 12.0079021454 0.595475435257 -7.43056869507
00000363_undistorted_crop.jpg 12.007932663 0.598119020462 -7.40576505661
00000364_undistorted_crop.jpg 12.0008811951 0.598276853561 -7.36450576782
00000365_undistorted_crop.jpg 11.9656019211 0.584544658661 -7.33485031128
00000366_undistorted_crop.jpg 11.9682693481 0.602167367935 -7.36102485657
00000367_undistorted_crop.jpg 11.9404621124 0.606730461121 -7.36896276474
00000368_undistorted_crop.jpg 11.9821062088 0.606729984283 -7.34934234619
00000369_undistorted_crop.jpg 11.9808692932 0.616278648376 -7.36715602875
00000370_undistorted_crop.jpg 12.015835762 0.583021879196 -7.3806142807
00000371_undistorted_crop.jpg 11.9843482971 0.617578268051 -7.40546941757
00000372_undistorted_crop.jpg 12.0192375183 0.569190502167 -7.3842549324
00000373_undistorted_crop.jpg 12.0224142075 0.61038851738 -7.42252635956
00000374_undistorted_crop.jpg 12.0253734589 0.612860202789 -7.42648506165
00000375_undistorted_crop.jpg 12.0156211853 0.61581659317 -7.41089677811
00000376_undistorted_crop.jpg 12.0116586685 0.615865945816 -7.41557502747
00000377_undistorted_crop.jpg 12.0347805023 0.624214887619 -7.43020009995
00000378_undistorted_crop.jpg 12.0099210739 0.596657037735 -7.39167404175
00000379_undistorted_crop.jpg 12.0246019363 0.562594413757 -7.40009975433
00000380_undistorted_crop.jpg 11.9297447205 0.54595708847 -7.54205131531
00000381_undistorted_crop.jpg 11.9255237579 0.565070152283 -7.62739801407
00000382_undistorted_crop.jpg 11.8960361481 0.597728490829 -7.67240381241
00000383_undistorted_crop.jpg 11.8483810425 0.620361089706 -7.72968149185
00000384_undistorted_crop.jpg 11.8360729218 0.635488033295 -7.77301263809
00000385_undistorted_crop.jpg 11.8570795059 0.626317024231 -7.80194568634
00000386_undistorted_crop.jpg 11.8534793854 0.635343790054 -7.82124185562
00000387_undistorted_crop.jpg 11.8520336151 0.659229755402 -7.84231376648
00000388_undistorted_crop.jpg 11.8710079193 0.659906148911 -7.86531829834
00000389_undistorted_crop.jpg 11.8644208908 0.673480272293 -7.86971759796
00000390_undistorted_crop.jpg 11.8764762878 0.722691774368 -7.93900680542
00000391_undistorted_crop.jpg 11.8240118027 0.799722909927 -8.0993270874
00000392_undistorted_crop.jpg 11.4529285431 0.832389116287 -8.34025001526
00000393_undistorted_crop.jpg 11.1828308105 0.877568483353 -8.5515089035
00000394_undistorted_crop.jpg 11.1315727234 0.92772436142 -8.69916820526
00000395_undistorted_crop.jpg 11.3338012695 0.951297044754 -8.90288639069
00000396_undistorted_crop.jpg 13.2457046509 -0.969996869564 -7.36371994019
00000397_undistorted_crop.jpg 12.6679410934 1.14017486572 -10.357172966
00000398_undistorted_crop.jpg 13.1686382294 1.09831666946 -11.1859703064
00000399_undistorted_crop.jpg 13.3838739395 1.25356054306 -12.1645097733
00000400_undistorted_crop.jpg 13.5181446075 1.09310722351 -13.1578788757
00000401_undistorted_crop.jpg 13.6764087677 1.08544921875 -13.971198082
00000402_undistorted_crop.jpg 13.8964929581 1.064691782 -14.8058280945
00000403_undistorted_crop.jpg 13.9844989777 1.01097774506 -15.2802038193
00000404_undistorted_crop.jpg 13.9983577728 0.998193383217 -15.3536624908
00000405_undistorted_crop.jpg 14.0268335342 0.983483791351 -15.3100194931
00000406_undistorted_crop.jpg 14.042714119 1.00229775906 -15.2549648285
00000407_undistorted_crop.jpg 14.1154356003 0.972453951836 -15.2268047333
00000408_undistorted_crop.jpg 14.1528730392 0.988491654396 -15.1789894104
00000409_undistorted_crop.jpg 14.1785869598 0.980632781982 -15.1540288925
00000410_undistorted_crop.jpg 14.1985654831 0.957336425781 -15.1487369537
00000411_undistorted_crop.jpg 14.165473938 0.971212625504 -15.1498556137
00000412_undistorted_crop.jpg 14.1688194275 0.966176986694 -15.1403665543
00000413_undistorted_crop.jpg 14.1320409775 1.01692116261 -15.1561365128
00000414_undistorted_crop.jpg 14.157699585 0.973057150841 -15.1511688232
00000415_undistorted_crop.jpg 14.1392736435 0.999980568886 -15.126250267
00000416_undistorted_crop.jpg 14.1465291977 0.977110445499 -15.100982666
00000417_undistorted_crop.jpg 14.1526708603 0.986602365971 -15.0759410858
00000418_undistorted_crop.jpg 14.1550340652 0.969173014164 -15.0366754532
00000419_undistorted_crop.jpg 14.1683168411 0.931698799133 -15.0059080124
00000420_undistorted_crop.jpg 14.1357498169 0.978907287121 -14.9533147812
00000421_undistorted_crop.jpg 14.0892419815 0.978439509869 -14.8838176727
00000422_undistorted_crop.jpg 14.1239404678 0.98187148571 -14.894153595
00000423_undistorted_crop.jpg 14.4520578384 0.957530617714 -15.0942649841
00000424_undistorted_crop.jpg 15.2138366699 0.975924730301 -15.6924610138
00000446_undistorted_crop.jpg 6.68788433075 0.154745101929 -33.7433052063
00000447_undistorted_crop.jpg 6.51614427567 0.23101234436 -34.2812576294
00000448_undistorted_crop.jpg 6.51113128662 0.241861343384 -34.6461334229
00000449_undistorted_crop.jpg 6.39692115784 0.207410812378 -34.9725456238
00000450_undistorted_crop.jpg 7.04461336136 0.512411117554 -35.9271430969
00000451_undistorted_crop.jpg 6.64097213745 0.588541030884 -36.5500221252
00000452_undistorted_crop.jpg 6.59501552582 0.492939949036 -36.8380470276
00000453_undistorted_crop.jpg 6.54018354416 0.365740776062 -36.7365264893
00000454_undistorted_crop.jpg 6.26787757874 0.11205124855 -36.2624702454
00000455_undistorted_crop.jpg 5.58984231949 -0.0899305343628 -36.1488494873
00000456_undistorted_crop.jpg 5.17746162415 -0.205823898315 -36.4226608276
00000457_undistorted_crop.jpg 4.87784862518 -0.247634887695 -36.6009559631
00000458_undistorted_crop.jpg 4.77125167847 -0.249752998352 -36.6474761963
