00000001_undistorted_crop.jpg 7.25593566895 -0.765973567963 -40.3319740295
00000002_undistorted_crop.jpg 7.25469779968 -0.767946720123 -40.3383789062
00000003_undistorted_crop.jpg 7.24240970612 -0.759685516357 -40.3445320129
00000004_undistorted_crop.jpg 7.21852016449 -0.770006656647 -40.3548431396
00000005_undistorted_crop.jpg 7.19083118439 -0.722502231598 -40.3684082031
00000006_undistorted_crop.jpg 7.17936229706 -0.743067741394 -40.3844604492
00000007_undistorted_crop.jpg 7.18723392487 -0.73953294754 -40.3713874817
00000008_undistorted_crop.jpg 7.17766094208 -0.717147350311 -40.4031486511
00000009_undistorted_crop.jpg 7.20329380035 -0.689838409424 -40.409992218
00000010_undistorted_crop.jpg 7.22737216949 -0.696725845337 -40.4342956543
00000011_undistorted_crop.jpg 7.22102737427 -0.640487670898 -40.5205001831
00000012_undistorted_crop.jpg 7.3573551178 -0.590406417847 -40.527507782
00000013_undistorted_crop.jpg 7.42854690552 -0.572209358215 -40.5683670044
00000014_undistorted_crop.jpg 7.81225728989 -0.600751876831 -40.460193634
00000015_undistorted_crop.jpg 8.15746879578 -0.687636137009 -40.5333747864
00000016_undistorted_crop.jpg 8.30859184265 -0.736836910248 -40.6225585938
00000017_undistorted_crop.jpg 8.24055767059 -0.763086438179 -40.5534553528
00000018_undistorted_crop.jpg 8.13642406464 -0.793354988098 -40.4715194702
00000019_undistorted_crop.jpg 8.12470436096 -0.782026290894 -40.4395141602
00000020_undistorted_crop.jpg 8.1147146225 -0.758060693741 -40.3704185486
00000021_undistorted_crop.jpg 8.05936050415 -0.72479391098 -40.1995391846
00000022_undistorted_crop.jpg 7.67019462585 -0.697590827942 -39.9036979675
00000023_undistorted_crop.jpg 7.02558898926 -0.632334709167 -39.9208602905
00000024_undistorted_crop.jpg 5.42364501953 -0.40168762207 -38.4199943542
00000025_undistorted_crop.jpg 4.83415985107 -0.488484382629 -37.477809906
00000026_undistorted_crop.jpg 4.90281200409 -0.78341960907 -37.2311973572
00000027_undistorted_crop.jpg 4.78585529327 -0.684536933899 -36.6842956543
00000028_undistorted_crop.jpg 4.74565505981 -0.585872650146 -35.9335250854
00000029_undistorted_crop.jpg 4.57650852203 -0.606764793396 -35.4206352234
00000030_undistorted_crop.jpg 4.2894525528 -0.765275001526 -34.7502975464
00000031_undistorted_crop.jpg 4.79225158691 -0.75991153717 -34.0056114197
00000032_undistorted_crop.jpg 5.68461227417 -0.588351726532 -33.4811019897
00000033_undistorted_crop.jpg 6.96642303467 -0.577110767365 -33.1276931763
00000034_undistorted_crop.jpg 8.14015674591 -0.509726524353 -33.0616531372
00000035_undistorted_crop.jpg 10.2419281006 -0.250605106354 -31.1054134369
00000036_undistorted_crop.jpg 11.8787326813 -0.199589252472 -30.1210212708
00000037_undistorted_crop.jpg 13.6346883774 0.0840606689453 -29.5545082092
00000038_undistorted_crop.jpg 15.2734594345 -0.0617260932922 -28.9399852753
00000039_undistorted_crop.jpg 16.5672054291 0.336802482605 -27.5978927612
00000040_undistorted_crop.jpg 17.6402568817 0.209796905518 -26.5873832703
00000041_undistorted_crop.jpg 18.8547496796 0.344498634338 -25.6222171783
00000042_undistorted_crop.jpg 19.8874340057 0.157733917236 -24.5011882782
00000043_undistorted_crop.jpg 20.1576652527 0.188389778137 -23.2689971924
00000044_undistorted_crop.jpg 19.9065170288 0.245278358459 -21.850315094
00000045_undistorted_crop.jpg 19.6496620178 0.0092601776123 -20.4969978333
00000046_undistorted_crop.jpg 19.2585258484 0.126547813416 -18.8451194763
00000047_undistorted_crop.jpg 18.6117591858 0.00200366973877 -17.5993728638
00000048_undistorted_crop.jpg 17.8569259644 0.106597900391 -16.6238803864
00000049_undistorted_crop.jpg 16.9652709961 -0.0409851074219 -15.4881343842
00000050_undistorted_crop.jpg 16.1383171082 0.252678871155 -13.8764686584
00000051_undistorted_crop.jpg 15.3834123611 0.231509208679 -12.5742444992
00000052_undistorted_crop.jpg 14.7170534134 -0.0205202102661 -11.6123199463
00000053_undistorted_crop.jpg 13.9684476852 0.263401985168 -10.8410577774
00000054_undistorted_crop.jpg 13.3357610703 0.208517074585 -10.1604499817
00000055_undistorted_crop.jpg 12.5043506622 0.365711212158 -9.29937839508
00000056_undistorted_crop.jpg 11.8940210342 0.339444160461 -8.60899162292
00000057_undistorted_crop.jpg 11.5845518112 0.343472003937 -8.26773643494
00000058_undistorted_crop.jpg 11.2787675858 0.412889719009 -8.22079563141
00000059_undistorted_crop.jpg 11.2912712097 0.410865068436 -8.17158699036
00000060_undistorted_crop.jpg 11.175362587 0.470282554626 -8.21221542358
00000061_undistorted_crop.jpg 11.2082433701 0.462223529816 -8.20000553131
00000062_undistorted_crop.jpg 11.2182168961 0.468027830124 -8.14073562622
00000063_undistorted_crop.jpg 11.2818183899 0.446644306183 -7.98915243149
00000064_undistorted_crop.jpg 11.3258829117 0.399174690247 -7.89013767242
00000065_undistorted_crop.jpg 11.3056716919 0.409389257431 -7.86231803894
00000066_undistorted_crop.jpg 11.3096122742 0.392269611359 -7.8574757576
00000067_undistorted_crop.jpg 11.3309049606 0.379790306091 -7.86005926132
00000068_undistorted_crop.jpg 11.334022522 0.377231121063 -7.92020273209
00000069_undistorted_crop.jpg 11.3515577316 0.381425380707 -7.95742416382
00000070_undistorted_crop.jpg 11.366818428 0.400089740753 -7.90628242493
00000071_undistorted_crop.jpg 11.4017887115 0.380299806595 -7.86998176575
00000072_undistorted_crop.jpg 11.5352287292 0.318107843399 -7.80802154541
00000073_undistorted_crop.jpg 11.8843479156 0.187646865845 -7.67387580872
00000074_undistorted_crop.jpg 12.1781377792 0.165128707886 -7.57321357727
00000075_undistorted_crop.jpg 12.269733429 0.160700798035 -7.502430439
00000076_undistorted_crop.jpg 12.2597732544 0.159951210022 -7.39318799973
00000077_undistorted_crop.jpg 12.2340431213 0.147084712982 -7.32290172577
00000078_undistorted_crop.jpg 12.2384643555 0.139312267303 -7.27026462555
00000079_undistorted_crop.jpg 12.2335720062 0.13844203949 -7.24156570435
00000080_undistorted_crop.jpg 12.2211360931 0.142648696899 -7.22854614258
00000081_undistorted_crop.jpg 12.2368440628 0.132974624634 -7.22516059875
00000082_undistorted_crop.jpg 12.2310581207 0.14298582077 -7.22706222534
00000083_undistorted_crop.jpg 12.2124767303 0.143185138702 -7.2390460968
00000084_undistorted_crop.jpg 12.232093811 0.145007610321 -7.23943901062
00000085_undistorted_crop.jpg 12.2356414795 0.138318061829 -7.24104070663
00000086_undistorted_crop.jpg 12.2327327728 0.138508558273 -7.24105119705
00000087_undistorted_crop.jpg 12.2263784409 0.139687538147 -7.23970603943
00000088_undistorted_crop.jpg 12.2190942764 0.143332004547 -7.2366399765
00000089_undistorted_crop.jpg 12.2323684692 0.131097793579 -7.22997045517
00000090_undistorted_crop.jpg 12.2037267685 0.137237548828 -7.2358880043
00000091_undistorted_crop.jpg 12.1718120575 0.150389432907 -7.24010181427
00000092_undistorted_crop.jpg 12.16248703 0.144717216492 -7.26007843018
00000093_undistorted_crop.jpg 12.0217142105 0.160997629166 -7.3441286087
00000094_undistorted_crop.jpg 11.6671152115 0.28595662117 -7.49407243729
00000095_undistorted_crop.jpg 11.4253416061 0.425644516945 -7.69870853424
00000096_undistorted_crop.jpg 11.3573160172 0.461810290813 -7.81984901428
00000097_undistorted_crop.jpg 11.4306325912 0.484925299883 -7.81075811386
00000098_undistorted_crop.jpg 11.7945213318 0.493531107903 -8.1697101593
00000099_undistorted_crop.jpg 12.2474832535 0.456416726112 -8.59766101837
00000100_undistorted_crop.jpg 13.0292320251 0.502705097198 -9.46570777893
00000101_undistorted_crop.jpg 13.72265625 0.469384431839 -10.2981529236
00000102_undistorted_crop.jpg 14.0739383698 0.543565988541 -10.9703655243
00000103_undistorted_crop.jpg 14.1376876831 0.59791970253 -11.9689674377
00000104_undistorted_crop.jpg 14.2169589996 0.536300063133 -12.9584121704
00000105_undistorted_crop.jpg 14.2553339005 0.546873927116 -13.8770656586
00000106_undistorted_crop.jpg 14.0862436295 0.694782793522 -14.9602432251
00000107_undistorted_crop.jpg 13.9903898239 0.784242868423 -15.4639263153
00000108_undistorted_crop.jpg 14.0515403748 0.730243444443 -15.483953476
00000109_undistorted_crop.jpg 14.3295755386 0.643713712692 -15.1765041351
00000110_undistorted_crop.jpg 14.6008367538 0.651123762131 -14.7983512878
00000111_undistorted_crop.jpg 14.6674251556 0.67147564888 -14.4495763779
00000112_undistorted_crop.jpg 14.8500967026 0.552274465561 -14.0166597366
00000113_undistorted_crop.jpg 14.9534568787 0.499081373215 -13.7842979431
00000114_undistorted_crop.jpg 14.8914289474 0.535618305206 -13.8294019699
00000115_undistorted_crop.jpg 14.7593841553 0.640893697739 -14.1344518661
00000116_undistorted_crop.jpg 14.6162567139 0.667243003845 -14.322303772
00000117_undistorted_crop.jpg 14.5385131836 0.600247859955 -14.2859945297
00000118_undistorted_crop.jpg 14.6306962967 0.55956530571 -14.1573047638
00000119_undistorted_crop.jpg 14.6407728195 0.580174207687 -14.1289272308
00000120_undistorted_crop.jpg 14.7394809723 0.563298225403 -14.0014505386
00000121_undistorted_crop.jpg 14.7904968262 0.55535364151 -13.9126281738
00000122_undistorted_crop.jpg 14.8196620941 0.551238775253 -13.9228801727
00000123_undistorted_crop.jpg 14.8383674622 0.55148601532 -13.9615430832
00000124_undistorted_crop.jpg 14.8303375244 0.554262161255 -13.9674930573
00000125_undistorted_crop.jpg 14.8269300461 0.561970472336 -13.9713611603
00000126_undistorted_crop.jpg 14.8469848633 0.565123081207 -13.976849556
00000127_undistorted_crop.jpg 14.8316698074 0.583883523941 -13.9752807617
00000128_undistorted_crop.jpg 14.8586645126 0.572388648987 -13.9977664948
00000129_undistorted_crop.jpg 14.8364601135 0.571418046951 -14.0190877914
00000130_undistorted_crop.jpg 14.8096008301 0.564165592194 -14.0412693024
00000131_undistorted_crop.jpg 14.6888370514 0.562143325806 -14.2348384857
00000132_undistorted_crop.jpg 14.3551845551 0.840826034546 -14.7313222885
00000133_undistorted_crop.jpg 14.0970640182 0.975878238678 -15.0653476715
00000134_undistorted_crop.jpg 14.0125646591 0.990240097046 -15.185338974
00000135_undistorted_crop.jpg 14.2433185577 0.847037434578 -15.0566711426
00000136_undistorted_crop.jpg 14.897480011 0.650221824646 -14.6475477219
00000137_undistorted_crop.jpg 15.4838190079 0.540774106979 -14.6625404358
00000138_undistorted_crop.jpg 16.2081604004 0.701643943787 -15.1352615356
00000139_undistorted_crop.jpg 16.0608348846 -0.0737013816833 -15.0386352539
00000140_undistorted_crop.jpg 16.8100662231 -0.0104608535767 -16.2285690308
00000141_undistorted_crop.jpg 17.4320011139 0.135672092438 -17.6258049011
00000142_undistorted_crop.jpg 18.1212730408 -0.0620489120483 -18.6463928223
00000143_undistorted_crop.jpg 19.39686203 -0.394540786743 -18.5229797363
00000144_undistorted_crop.jpg 20.6384143829 -0.60667181015 -20.13489151
00000145_undistorted_crop.jpg 20.4221038818 -0.458306789398 -22.8974666595
00000146_undistorted_crop.jpg 20.1460666656 -0.368233442307 -24.4684467316
00000147_undistorted_crop.jpg 19.5449066162 -0.526052594185 -26.131772995
00000148_undistorted_crop.jpg 18.6855773926 -0.265887618065 -27.6767196655
00000149_undistorted_crop.jpg 17.7589912415 -0.568224966526 -28.9131069183
00000150_undistorted_crop.jpg 16.5042324066 -0.539804577827 -29.6514396667
00000151_undistorted_crop.jpg 14.8940677643 -0.732881426811 -30.2813587189
00000152_undistorted_crop.jpg 13.4797229767 -0.816717982292 -30.8291473389
00000153_undistorted_crop.jpg 11.7334957123 -0.813914299011 -31.5115203857
00000154_undistorted_crop.jpg 10.6319828033 -1.87820911407 -25.6630210876
00000155_undistorted_crop.jpg 9.1420841217 -1.19823408127 -32.1001396179
00000156_undistorted_crop.jpg 6.27118492126 -0.668383598328 -33.4504203796
00000157_undistorted_crop.jpg 5.68390512466 -0.505445480347 -34.2942237854
00000158_undistorted_crop.jpg 4.9665594101 -0.489734649658 -35.2789535522
00000159_undistorted_crop.jpg 4.71702432632 -0.680540084839 -36.1058540344
00000160_undistorted_crop.jpg 4.43248176575 -0.715761184692 -36.8046798706
00000161_undistorted_crop.jpg 4.80208492279 -0.562522888184 -37.1809768677
00000162_undistorted_crop.jpg 5.40176582336 -0.607314109802 -37.2882270813
00000163_undistorted_crop.jpg 5.97851276398 -0.494421958923 -37.526599884
00000164_undistorted_crop.jpg 7.2418422699 -0.254781723022 -38.2198410034
00000165_undistorted_crop.jpg 7.63933992386 -0.580173254013 -38.682926178
00000166_undistorted_crop.jpg 7.48669528961 -0.670248031616 -38.9618263245
00000167_undistorted_crop.jpg 7.44933700562 -0.627081871033 -39.1665420532
00000168_undistorted_crop.jpg 7.44321727753 -0.605874061584 -39.2688446045
00000169_undistorted_crop.jpg 7.42862701416 -0.610836029053 -39.3128929138
00000170_undistorted_crop.jpg 7.42501831055 -0.608736038208 -39.3296432495
00000171_undistorted_crop.jpg 7.36960792542 -0.640796661377 -39.3312263489
00000172_undistorted_crop.jpg 7.29938793182 -0.649647712708 -39.3306007385
