00000001_undistorted_crop.jpg 5.28199577332 -0.874640464783 -37.4168167114
00000002_undistorted_crop.jpg 5.28991222382 -0.887042999268 -37.4301185608
00000003_undistorted_crop.jpg 5.66081762314 -0.880541265011 -37.5352706909
00000004_undistorted_crop.jpg 6.17968177795 -0.818153619766 -37.7690696716
00000005_undistorted_crop.jpg 6.32983970642 -0.720366001129 -37.9639663696
00000006_undistorted_crop.jpg 6.69791984558 -0.550151348114 -38.3988037109
00000007_undistorted_crop.jpg 7.01233625412 -0.751976013184 -38.5858383179
00000008_undistorted_crop.jpg 6.97182703018 -0.801927566528 -38.7144851685
00000009_undistorted_crop.jpg 6.93655967712 -0.816523551941 -38.8943595886
00000010_undistorted_crop.jpg 6.93030738831 -0.836314439774 -38.9953193665
00000011_undistorted_crop.jpg 7.11502838135 -0.810864925385 -39.0451164246
00000012_undistorted_crop.jpg 7.24576568604 -0.771301746368 -39.0915489197
00000013_undistorted_crop.jpg 7.3381652832 -0.74141740799 -39.1038398743
00000014_undistorted_crop.jpg 7.06443119049 -0.741810321808 -38.9979019165
00000015_undistorted_crop.jpg 6.69731998444 -0.700834274292 -38.9495353699
00000016_undistorted_crop.jpg 5.80015087128 -0.647694587708 -39.0049667358
00000017_undistorted_crop.jpg 4.75994491577 -0.708135604858 -38.7186203003
00000018_undistorted_crop.jpg 4.18703269958 -0.827592849731 -38.4405059814
00000019_undistorted_crop.jpg 3.84098815918 -0.829233169556 -38.1703300476
00000020_undistorted_crop.jpg 3.71594047546 -0.721355438232 -37.6047973633
00000021_undistorted_crop.jpg 3.93768978119 -0.546242713928 -36.6119918823
00000022_undistorted_crop.jpg 4.47127056122 -0.519102096558 -35.4871139526
00000023_undistorted_crop.jpg 5.17017364502 -0.5938539505 -34.6493606567
00000024_undistorted_crop.jpg 6.31057167053 -0.466774463654 -33.5613899231
00000025_undistorted_crop.jpg 7.79208374023 -0.562687397003 -32.5290679932
00000026_undistorted_crop.jpg 9.55874633789 -0.39162504673 -31.8972492218
00000027_undistorted_crop.jpg 10.8730096817 -0.377390861511 -31.7064189911
00000028_undistorted_crop.jpg 12.3860816956 -0.189204216003 -30.3835220337
00000029_undistorted_crop.jpg 13.7683992386 0.0584006309509 -29.5981941223
00000030_undistorted_crop.jpg 14.9791402817 -0.0154657363892 -29.1607818604
00000031_undistorted_crop.jpg 16.5646820068 0.231333732605 -28.3360691071
00000032_undistorted_crop.jpg 17.7670955658 0.0639309883118 -27.885925293
00000033_undistorted_crop.jpg 18.7370624542 0.223674297333 -26.6962795258
00000034_undistorted_crop.jpg 19.5677986145 0.216638088226 -25.6865787506
00000035_undistorted_crop.jpg 20.1973648071 0.0934147834778 -24.7315864563
00000036_undistorted_crop.jpg 20.6684398651 0.162672996521 -23.6253852844
00000037_undistorted_crop.jpg 20.6766738892 0.0524005889893 -22.5623378754
00000038_undistorted_crop.jpg 20.2188453674 0.190141677856 -21.486536026
00000039_undistorted_crop.jpg 19.5652809143 -0.0169973373413 -20.3267803192
00000040_undistorted_crop.jpg 19.239566803 0.0348625183105 -19.1069011688
00000041_undistorted_crop.jpg 18.9080924988 -0.0298843383789 -18.0977611542
00000042_undistorted_crop.jpg 18.3261146545 -0.141272544861 -17.0980072021
00000043_undistorted_crop.jpg 17.3956604004 -0.0214109420776 -16.031993866
00000044_undistorted_crop.jpg 16.7013473511 -0.13446521759 -14.9252996445
00000045_undistorted_crop.jpg 15.8357801437 0.0838532447815 -13.562169075
00000046_undistorted_crop.jpg 15.2872695923 -0.05348777771 -12.5166406631
00000047_undistorted_crop.jpg 14.730424881 -0.116141319275 -11.8580560684
00000048_undistorted_crop.jpg 13.9121007919 0.215379714966 -11.0649681091
00000049_undistorted_crop.jpg 13.2844028473 0.151958465576 -10.2897491455
00000050_undistorted_crop.jpg 12.6360836029 0.195562362671 -9.54221057892
00000051_undistorted_crop.jpg 11.9818525314 0.285620212555 -8.84428787231
00000052_undistorted_crop.jpg 11.6449308395 0.311766147614 -8.47430419922
00000053_undistorted_crop.jpg 11.4589185715 0.333859205246 -8.27682781219
00000054_undistorted_crop.jpg 11.333770752 0.366112947464 -8.20383739471
00000055_undistorted_crop.jpg 11.2898340225 0.386826753616 -8.22584533691
00000056_undistorted_crop.jpg 11.2850513458 0.415903568268 -8.24267196655
00000057_undistorted_crop.jpg 11.4063911438 0.364797115326 -8.14916324615
00000058_undistorted_crop.jpg 11.4375925064 0.384738206863 -8.02376651764
00000059_undistorted_crop.jpg 11.420794487 0.3795773983 -7.99520587921
00000060_undistorted_crop.jpg 11.4359397888 0.381605148315 -8.00709819794
00000061_undistorted_crop.jpg 11.4056072235 0.395951032639 -7.98230028152
00000062_undistorted_crop.jpg 11.3758449554 0.386817455292 -7.96755981445
00000063_undistorted_crop.jpg 11.3381767273 0.386459112167 -7.97375774384
00000064_undistorted_crop.jpg 11.3132200241 0.386430978775 -7.96544790268
00000065_undistorted_crop.jpg 11.2813854218 0.381481409073 -7.94136190414
00000066_undistorted_crop.jpg 11.2675390244 0.392818450928 -7.93163156509
00000067_undistorted_crop.jpg 11.2823257446 0.381668806076 -7.93065738678
00000068_undistorted_crop.jpg 11.282907486 0.383662700653 -7.92605161667
00000069_undistorted_crop.jpg 11.2514886856 0.385040998459 -7.92942905426
00000070_undistorted_crop.jpg 11.234085083 0.388026237488 -7.92574167252
00000071_undistorted_crop.jpg 11.2394828796 0.383858919144 -7.9350566864
00000072_undistorted_crop.jpg 11.2477884293 0.395333051682 -7.90836429596
00000073_undistorted_crop.jpg 11.3763189316 0.411250591278 -7.8391828537
00000074_undistorted_crop.jpg 11.4364948273 0.392590522766 -7.77951955795
00000075_undistorted_crop.jpg 11.5134267807 0.327501296997 -7.69630718231
00000076_undistorted_crop.jpg 11.5701789856 0.319354057312 -7.64732551575
00000077_undistorted_crop.jpg 11.5809268951 0.310107707977 -7.66633224487
00000078_undistorted_crop.jpg 11.5782690048 0.313740730286 -7.67468643188
00000079_undistorted_crop.jpg 11.5970592499 0.316163539886 -7.67156410217
00000080_undistorted_crop.jpg 11.612739563 0.31126499176 -7.65564870834
00000081_undistorted_crop.jpg 11.618563652 0.314435482025 -7.63371515274
00000082_undistorted_crop.jpg 11.633690834 0.307047843933 -7.62118053436
00000083_undistorted_crop.jpg 11.6524400711 0.301880836487 -7.62262439728
00000084_undistorted_crop.jpg 11.6469068527 0.303713798523 -7.63445186615
00000085_undistorted_crop.jpg 11.6434736252 0.30952501297 -7.6444234848
00000086_undistorted_crop.jpg 11.6412191391 0.304939746857 -7.65400505066
00000087_undistorted_crop.jpg 11.6433429718 0.304458618164 -7.66043949127
00000088_undistorted_crop.jpg 11.6502037048 0.298104286194 -7.65284633636
00000089_undistorted_crop.jpg 11.6564121246 0.299100875854 -7.64554929733
00000090_undistorted_crop.jpg 11.6437397003 0.307912826538 -7.64495658875
00000091_undistorted_crop.jpg 11.6368169785 0.307562351227 -7.65114927292
00000092_undistorted_crop.jpg 11.6357297897 0.313503265381 -7.65786027908
00000093_undistorted_crop.jpg 11.6360206604 0.311624526978 -7.66971492767
00000094_undistorted_crop.jpg 11.6218032837 0.311303138733 -7.68712234497
00000095_undistorted_crop.jpg 11.6177539825 0.307260036469 -7.70238399506
00000096_undistorted_crop.jpg 11.6144771576 0.314641475677 -7.69544315338
00000097_undistorted_crop.jpg 11.5955533981 0.32820725441 -7.6941986084
00000098_undistorted_crop.jpg 11.503944397 0.353820562363 -7.76398944855
00000099_undistorted_crop.jpg 11.3888816833 0.443640947342 -7.90280342102
00000100_undistorted_crop.jpg 11.3454141617 0.476917982101 -8.02531433105
00000101_undistorted_crop.jpg 11.4410305023 0.418497681618 -8.09363079071
00000102_undistorted_crop.jpg 11.7460021973 0.342633664608 -8.26011753082
00000103_undistorted_crop.jpg 12.3150072098 0.31422111392 -8.92945671082
00000104_undistorted_crop.jpg 13.1546049118 0.458783626556 -9.81821632385
00000105_undistorted_crop.jpg 13.8827648163 0.477039337158 -10.6609306335
00000106_undistorted_crop.jpg 14.1451301575 0.504241943359 -11.4488925934
00000107_undistorted_crop.jpg 14.0680303574 0.652911543846 -12.31965065
00000108_undistorted_crop.jpg 13.8601055145 0.623179674149 -13.4787817001
00000109_undistorted_crop.jpg 13.8857622147 0.521305561066 -14.1710128784
00000110_undistorted_crop.jpg 13.9441823959 0.553696751595 -14.5149211884
00000111_undistorted_crop.jpg 13.9253339767 0.674776554108 -14.8055171967
00000112_undistorted_crop.jpg 13.9135732651 0.822773456573 -15.0027828217
00000113_undistorted_crop.jpg 13.9167079926 0.833317279816 -15.0008592606
00000114_undistorted_crop.jpg 13.9934587479 0.76958322525 -14.8262863159
00000115_undistorted_crop.jpg 14.289229393 0.594808578491 -14.433596611
00000116_undistorted_crop.jpg 14.5712471008 0.633239209652 -14.0273742676
00000117_undistorted_crop.jpg 14.9156446457 0.564026236534 -13.6963529587
00000118_undistorted_crop.jpg 15.1345081329 0.491140127182 -13.4731197357
00000119_undistorted_crop.jpg 15.1404018402 0.460086345673 -13.2999925613
00000120_undistorted_crop.jpg 15.0175657272 0.563461065292 -13.2633934021
00000121_undistorted_crop.jpg 14.8744773865 0.588938593864 -13.2237691879
00000122_undistorted_crop.jpg 14.7083816528 0.545167326927 -13.1953420639
00000123_undistorted_crop.jpg 14.5894851685 0.511239171028 -13.1635627747
00000124_undistorted_crop.jpg 14.4926948547 0.5021468997 -13.0958099365
00000125_undistorted_crop.jpg 14.4517469406 0.501039743423 -13.0093755722
00000126_undistorted_crop.jpg 14.396856308 0.524358928204 -12.9217233658
00000127_undistorted_crop.jpg 14.3586082458 0.560108959675 -12.8519802094
00000128_undistorted_crop.jpg 14.3646001816 0.544240355492 -12.8376274109
00000129_undistorted_crop.jpg 14.4266119003 0.532028913498 -12.8623838425
00000130_undistorted_crop.jpg 14.4942951202 0.540606498718 -12.9360618591
00000131_undistorted_crop.jpg 14.5580158234 0.52559620142 -13.0229682922
00000132_undistorted_crop.jpg 14.6466093063 0.516378819942 -13.1447057724
00000133_undistorted_crop.jpg 14.7514543533 0.52081745863 -13.2847394943
00000134_undistorted_crop.jpg 14.8892326355 0.532329857349 -13.4402170181
00000135_undistorted_crop.jpg 15.0471754074 0.549716889858 -13.6357450485
00000136_undistorted_crop.jpg 15.1043663025 0.521318674088 -13.9158411026
00000137_undistorted_crop.jpg 14.8252353668 0.526036679745 -14.2746324539
00000138_undistorted_crop.jpg 14.4164810181 0.570971727371 -14.8191404343
00000139_undistorted_crop.jpg 14.3443222046 0.570986270905 -14.9915332794
00000140_undistorted_crop.jpg 14.5393733978 0.52369594574 -15.1724557877
00000141_undistorted_crop.jpg 14.6553459167 1.22872686386 -17.7929039001
00000142_undistorted_crop.jpg 15.6836042404 0.887475013733 -17.0612220764
00000143_undistorted_crop.jpg 16.4165992737 0.597056865692 -16.9368610382
00000144_undistorted_crop.jpg 17.1007003784 0.600407123566 -17.8081188202
00000145_undistorted_crop.jpg 17.7522449493 0.517185211182 -18.871635437
00000146_undistorted_crop.jpg 18.2138652802 0.269730567932 -20.1882247925
00000147_undistorted_crop.jpg 19.0229301453 0.207807064056 -21.6688690186
00000148_undistorted_crop.jpg 20.1813869476 -0.512367725372 -22.7732276917
00000149_undistorted_crop.jpg 20.2172546387 -0.467381238937 -24.7528114319
00000150_undistorted_crop.jpg 19.6094512939 -0.432874441147 -26.1742515564
00000151_undistorted_crop.jpg 19.0364513397 -0.495202302933 -27.4705848694
00000152_undistorted_crop.jpg 18.3783168793 -0.316021680832 -28.9509067535
00000153_undistorted_crop.jpg 17.7108001709 -0.477061271667 -30.3163204193
00000154_undistorted_crop.jpg 16.9165611267 -0.402195215225 -31.4690303802
00000155_undistorted_crop.jpg 15.9930801392 -0.456475257874 -32.6490898132
00000156_undistorted_crop.jpg 15.3309345245 -0.490368366241 -33.788898468
00000157_undistorted_crop.jpg 14.7155609131 -0.335559368134 -35.15832901
00000158_undistorted_crop.jpg 14.1323413849 -0.529007434845 -36.2215194702
00000159_undistorted_crop.jpg 13.5005645752 -0.51402425766 -37.0281639099
00000160_undistorted_crop.jpg 12.6930208206 -0.571318626404 -37.8990592957
00000161_undistorted_crop.jpg 12.1378250122 -0.598514556885 -38.5737037659
00000162_undistorted_crop.jpg 11.8606939316 -0.533616065979 -38.9567871094
00000163_undistorted_crop.jpg 11.8469247818 -0.479096412659 -39.0627670288
00000164_undistorted_crop.jpg 12.0091295242 -0.415469169617 -39.0980377197
00000165_undistorted_crop.jpg 12.4580621719 -0.337224006653 -38.9164237976
00000167_undistorted_crop.jpg 14.5775527954 0.454672813416 -35.4385604858
00000168_undistorted_crop.jpg 14.0942811966 0.597636222839 -34.2030410767
00000169_undistorted_crop.jpg 13.7997131348 0.539967536926 -33.0559844971
00000170_undistorted_crop.jpg 13.3612737656 0.552348136902 -32.4382362366
00000171_undistorted_crop.jpg 12.7147045135 0.707000732422 -32.1444778442
00000172_undistorted_crop.jpg 12.0232372284 0.527882575989 -32.2429847717
00000174_undistorted_crop.jpg 7.49541807175 -0.907616615295 -32.3423233032
00000175_undistorted_crop.jpg 5.87315368652 -0.552556037903 -33.4085769653
00000176_undistorted_crop.jpg 5.41448926926 -0.409031867981 -34.1574935913
00000177_undistorted_crop.jpg 4.83761453629 -0.547063827515 -35.0854644775
00000178_undistorted_crop.jpg 5.62836313248 -0.751050949097 -36.0393447876
00000179_undistorted_crop.jpg 5.79081439972 -0.624576568604 -36.7718467712
00000180_undistorted_crop.jpg 6.06309509277 -0.60148525238 -37.0593032837
