00000383_undistorted_crop.jpg 5.78916835785 0.240277290344 -39.1820449829
00000384_undistorted_crop.jpg 5.62890625 0.205743789673 -39.270942688
00000385_undistorted_crop.jpg 5.8175535202 0.209668636322 -39.1650543213
00000386_undistorted_crop.jpg 6.15962028503 0.258655071259 -38.8767127991
00000387_undistorted_crop.jpg 6.42975473404 0.346753358841 -38.6475944519
00000388_undistorted_crop.jpg 6.25274276733 0.329937458038 -38.6578941345
00000389_undistorted_crop.jpg 5.86799526215 0.224775314331 -38.9202194214
00000390_undistorted_crop.jpg 5.5015001297 0.220890045166 -39.256061554
00000391_undistorted_crop.jpg 5.31029510498 0.300232887268 -39.4831237793
00000392_undistorted_crop.jpg 5.27170848846 0.330965042114 -39.4874534607
00000393_undistorted_crop.jpg 5.32603740692 0.380694389343 -39.3908691406
00000394_undistorted_crop.jpg 5.35515880585 0.45155620575 -39.3718414307
00000395_undistorted_crop.jpg 5.35562419891 0.454054832458 -39.4018440247
00000396_undistorted_crop.jpg 5.34427165985 0.449528694153 -39.4342155457
00000397_undistorted_crop.jpg 5.32755565643 0.437274932861 -39.4479598999
00000398_undistorted_crop.jpg 5.31843471527 0.40696811676 -39.3464050293
00000399_undistorted_crop.jpg 5.77474021912 0.483842849731 -38.9485092163
00000400_undistorted_crop.jpg 6.08605194092 0.20343875885 -38.5665817261
00000401_undistorted_crop.jpg 6.02712631226 -0.11211681366 -38.5837287903
00000402_undistorted_crop.jpg 6.02713775635 -0.3541431427 -38.4380569458
00000403_undistorted_crop.jpg 5.5892868042 -0.434279441833 -38.0606002808
00000404_undistorted_crop.jpg 4.66505432129 -0.493886947632 -36.9291000366
00000405_undistorted_crop.jpg 4.54545307159 -0.563621520996 -35.8845977783
00000406_undistorted_crop.jpg 5.3421049118 -0.381669044495 -34.7227020264
00000407_undistorted_crop.jpg 6.24453639984 -0.43061542511 -34.0698738098
00000408_undistorted_crop.jpg 7.23977088928 -0.451887130737 -33.1649093628
00000409_undistorted_crop.jpg 8.20717334747 -0.164203166962 -31.8538417816
00000410_undistorted_crop.jpg 8.90305805206 -0.113502502441 -30.2036933899
00000411_undistorted_crop.jpg 9.66958618164 0.16598367691 -28.8132095337
00000412_undistorted_crop.jpg 10.4121322632 0.13817024231 -28.0997982025
00000413_undistorted_crop.jpg 11.4666900635 0.0364480018616 -27.3607063293
00000414_undistorted_crop.jpg 12.6062030792 0.206585884094 -26.4588832855
00000415_undistorted_crop.jpg 14.0174064636 0.209233045578 -25.9721565247
00000416_undistorted_crop.jpg 15.4811944962 0.406006932259 -26.714132309
00000417_undistorted_crop.jpg 17.0254116058 0.227308511734 -26.9837303162
00000418_undistorted_crop.jpg 18.3148174286 0.629805028439 -25.8573169708
00000419_undistorted_crop.jpg 19.1355724335 0.587068080902 -24.8624248505
00000420_undistorted_crop.jpg 19.8996067047 0.505589008331 -23.86668396
00000421_undistorted_crop.jpg 20.5127086639 0.528334617615 -22.9228401184
00000422_undistorted_crop.jpg 20.5736217499 0.333817481995 -21.8770446777
00000423_undistorted_crop.jpg 19.8820953369 0.476351737976 -20.8282375336
00000424_undistorted_crop.jpg 19.1680850983 0.163387298584 -19.6808795929
00000425_undistorted_crop.jpg 18.6714477539 0.319751739502 -18.6122932434
00000426_undistorted_crop.jpg 18.3743572235 0.213121891022 -17.4081516266
00000427_undistorted_crop.jpg 17.9601345062 0.18753528595 -16.3219127655
00000428_undistorted_crop.jpg 17.4408397675 0.265867471695 -15.4385318756
00000429_undistorted_crop.jpg 17.2298107147 0.125563815236 -14.5180244446
00000430_undistorted_crop.jpg 17.495557785 0.285015821457 -13.6958675385
00000431_undistorted_crop.jpg 17.7968597412 0.268008470535 -12.9799575806
00000432_undistorted_crop.jpg 17.841047287 0.308189630508 -12.439447403
00000433_undistorted_crop.jpg 17.715845108 0.348964929581 -11.9977378845
00000434_undistorted_crop.jpg 17.6832714081 0.422364234924 -11.7396936417
00000435_undistorted_crop.jpg 17.7055931091 0.460327148438 -11.7157564163
00000436_undistorted_crop.jpg 17.7060451508 0.459021091461 -11.7747297287
00000437_undistorted_crop.jpg 17.6444149017 0.434060811996 -11.8026971817
00000438_undistorted_crop.jpg 17.4491901398 0.397188663483 -11.779876709
00000439_undistorted_crop.jpg 17.2769470215 0.374790668488 -11.8299465179
00000440_undistorted_crop.jpg 17.1771507263 0.36209487915 -11.8521995544
00000441_undistorted_crop.jpg 17.1450862885 0.364964485168 -11.8338050842
00000442_undistorted_crop.jpg 17.1157741547 0.382845401764 -11.8295841217
00000443_undistorted_crop.jpg 17.1208019257 0.380564928055 -11.8344898224
00000444_undistorted_crop.jpg 17.1286087036 0.382691860199 -11.8316717148
00000445_undistorted_crop.jpg 17.1104927063 0.384991884232 -11.805639267
00000446_undistorted_crop.jpg 17.0616798401 0.421270370483 -11.7497549057
00000447_undistorted_crop.jpg 16.9872570038 0.447215557098 -11.6790885925
00000448_undistorted_crop.jpg 16.9351634979 0.471232891083 -11.6188726425
00000449_undistorted_crop.jpg 16.9720821381 0.448759555817 -11.6233196259
00000450_undistorted_crop.jpg 17.1377944946 0.383360385895 -11.7273426056
00000451_undistorted_crop.jpg 17.3489284515 0.343151569366 -11.8963813782
00000452_undistorted_crop.jpg 17.5345611572 0.346080780029 -12.1067113876
00000453_undistorted_crop.jpg 17.6715774536 0.364060878754 -12.2123231888
00000454_undistorted_crop.jpg 17.7057590485 0.388083577156 -12.3061075211
00000455_undistorted_crop.jpg 17.7068634033 0.416069746017 -12.3326368332
00000456_undistorted_crop.jpg 17.6203746796 0.418771624565 -12.3877477646
00000457_undistorted_crop.jpg 17.0901432037 0.388664484024 -12.3612174988
00000458_undistorted_crop.jpg 16.10820961 0.176839828491 -12.7992038727
00000459_undistorted_crop.jpg 14.9197807312 0.335117340088 -12.2927627563
00000460_undistorted_crop.jpg 14.1597881317 0.466152191162 -11.921497345
00000461_undistorted_crop.jpg 13.7479553223 0.306900024414 -11.3110351562
00000462_undistorted_crop.jpg 13.4210147858 0.28783416748 -10.6336364746
00000463_undistorted_crop.jpg 12.7613401413 0.276381015778 -10.1787099838
00000464_undistorted_crop.jpg 12.0028524399 0.352676391602 -9.95382404327
00000465_undistorted_crop.jpg 11.5531101227 0.253225326538 -9.6004076004
00000466_undistorted_crop.jpg 11.1836395264 0.434203147888 -9.03881835938
00000467_undistorted_crop.jpg 10.9326610565 0.479695320129 -8.45991706848
00000468_undistorted_crop.jpg 10.9622612 0.4703810215 -8.16570472717
00000469_undistorted_crop.jpg 11.1005220413 0.473705053329 -8.15329647064
00000470_undistorted_crop.jpg 11.352563858 0.521331310272 -8.26926708221
00000471_undistorted_crop.jpg 11.8200035095 0.472742557526 -8.25445079803
00000472_undistorted_crop.jpg 11.9687137604 0.441631793976 -8.20434474945
00000473_undistorted_crop.jpg 11.8534946442 0.45448756218 -8.18562793732
00000474_undistorted_crop.jpg 11.7586097717 0.452807426453 -8.15118217468
00000475_undistorted_crop.jpg 11.7367134094 0.449155330658 -8.10906600952
00000476_undistorted_crop.jpg 11.6861686707 0.45823597908 -8.10915184021
00000477_undistorted_crop.jpg 11.6209564209 0.415966033936 -8.14348316193
00000478_undistorted_crop.jpg 11.3343868256 0.33766746521 -8.13463306427
00000479_undistorted_crop.jpg 11.175909996 0.261211633682 -8.11005210876
00000480_undistorted_crop.jpg 11.1501016617 0.244110822678 -8.32582378387
00000481_undistorted_crop.jpg 11.3696365356 0.21660900116 -8.78620147705
00000482_undistorted_crop.jpg 11.6065378189 0.0192708969116 -9.11305236816
00000483_undistorted_crop.jpg 12.0218744278 -0.0967149734497 -9.01562213898
00000484_undistorted_crop.jpg 12.0153560638 0.00224494934082 -8.73761558533
00000485_undistorted_crop.jpg 12.4213914871 -0.0327310562134 -8.38180065155
00000486_undistorted_crop.jpg 12.5903396606 -0.0540561676025 -8.10035705566
00000487_undistorted_crop.jpg 12.6171207428 0.13890838623 -8.3483505249
00000488_undistorted_crop.jpg 12.5765514374 0.0816345214844 -8.71518039703
00000489_undistorted_crop.jpg 12.4394330978 0.17350268364 -9.45853614807
00000490_undistorted_crop.jpg 12.425034523 0.371130228043 -9.87418842316
00000491_undistorted_crop.jpg 12.3593835831 0.443975806236 -10.0923919678
00000492_undistorted_crop.jpg 12.1326351166 0.442641496658 -9.62090682983
00000493_undistorted_crop.jpg 11.9601516724 0.355000972748 -9.2513589859
00000494_undistorted_crop.jpg 12.0805435181 0.145449399948 -9.41778755188
00000495_undistorted_crop.jpg 12.2946300507 0.0492899417877 -8.54730701447
00000496_undistorted_crop.jpg 12.6253662109 0.067097902298 -7.88580751419
00000497_undistorted_crop.jpg 12.8261299133 0.0420622825623 -7.59987401962
00000498_undistorted_crop.jpg 12.9127483368 0.0237801074982 -7.75337314606
00000499_undistorted_crop.jpg 12.8044958115 0.0663530826569 -8.4723739624
00000500_undistorted_crop.jpg 12.5571975708 0.0805149078369 -9.15961360931
00000501_undistorted_crop.jpg 12.4396800995 0.0884251594543 -9.51271820068
00000502_undistorted_crop.jpg 12.5292663574 0.109160900116 -9.87865638733
00000503_undistorted_crop.jpg 12.8111371994 0.324109077454 -9.6055727005
00000504_undistorted_crop.jpg 13.0922889709 0.404149055481 -9.90468597412
00000505_undistorted_crop.jpg 13.1656475067 0.480394124985 -10.0396900177
00000506_undistorted_crop.jpg 12.789311409 0.556320369244 -10.1295289993
00000507_undistorted_crop.jpg 12.4671621323 0.3125872612 -9.33763027191
00000508_undistorted_crop.jpg 11.8935832977 0.397725582123 -8.95920276642
00000509_undistorted_crop.jpg 11.1796283722 0.483584880829 -8.61481952667
00000510_undistorted_crop.jpg 10.9731111526 0.47785282135 -8.44476795197
00000511_undistorted_crop.jpg 11.0776910782 0.511929035187 -8.3226890564
00000512_undistorted_crop.jpg 11.434797287 0.492594599724 -8.10630321503
00000513_undistorted_crop.jpg 11.6183176041 0.556740999222 -8.03014850616
00000514_undistorted_crop.jpg 11.7877836227 0.565466761589 -7.98789405823
00000515_undistorted_crop.jpg 11.7425251007 0.602667510509 -8.2852230072
00000516_undistorted_crop.jpg 11.5322408676 0.544782161713 -8.66982746124
00000517_undistorted_crop.jpg 11.5694885254 0.585563659668 -9.26978492737
00000518_undistorted_crop.jpg 12.1528015137 0.672029018402 -9.8955116272
00000519_undistorted_crop.jpg 12.8735923767 0.583303451538 -10.471780777
00000520_undistorted_crop.jpg 13.3059425354 0.627570867538 -11.2391176224
00000521_undistorted_crop.jpg 13.4986944199 0.798528671265 -12.3642368317
00000522_undistorted_crop.jpg 13.6117973328 0.678685188293 -13.5032625198
00000523_undistorted_crop.jpg 13.7818593979 0.438110351562 -14.1063671112
00000524_undistorted_crop.jpg 14.2417097092 0.431053042412 -14.4564466476
00000525_undistorted_crop.jpg 14.6321058273 0.361797422171 -14.7863788605
00000526_undistorted_crop.jpg 14.7197437286 0.416756629944 -14.8764505386
00000527_undistorted_crop.jpg 14.6788139343 0.455309867859 -14.4707336426
00000528_undistorted_crop.jpg 14.4971132278 0.496873229742 -13.9863433838
00000529_undistorted_crop.jpg 14.3836507797 0.503716468811 -13.7221632004
00000530_undistorted_crop.jpg 14.478348732 0.428503155708 -13.5918931961
00000531_undistorted_crop.jpg 14.6714344025 0.48068934679 -13.6959447861
00000532_undistorted_crop.jpg 14.9730825424 0.451553106308 -13.8882684708
00000533_undistorted_crop.jpg 15.2087173462 0.426303625107 -14.044459343
00000534_undistorted_crop.jpg 15.3065605164 0.436645030975 -14.1795921326
00000535_undistorted_crop.jpg 15.3365831375 0.38143825531 -14.239238739
00000536_undistorted_crop.jpg 15.2183055878 0.373320579529 -14.1556797028
00000537_undistorted_crop.jpg 15.1147279739 -0.0145616531372 -13.7634096146
00000538_undistorted_crop.jpg 14.6826887131 0.296467781067 -12.690489769
00000539_undistorted_crop.jpg 14.2919845581 0.188277721405 -11.4421758652
00000540_undistorted_crop.jpg 13.8361663818 0.24879693985 -10.6133174896
00000541_undistorted_crop.jpg 12.9832677841 0.306824207306 -9.96646213531
00000542_undistorted_crop.jpg 12.3567581177 0.326769351959 -8.9934425354
00000543_undistorted_crop.jpg 11.5591831207 0.481932640076 -7.96621990204
00000544_undistorted_crop.jpg 11.0875310898 0.465610265732 -6.74429893494
00000548_undistorted_crop.jpg 7.97739744186 -1.47454357147 -1.63970720768
00000549_undistorted_crop.jpg 3.7897298336 -0.0383448600769 -3.38829922676
00000550_undistorted_crop.jpg 2.35613894463 0.51077246666 -4.39083862305
00000551_undistorted_crop.jpg 2.03473567963 -0.409195661545 -4.19156503677
00000552_undistorted_crop.jpg 0.904297351837 0.395549535751 -7.96511220932
00000553_undistorted_crop.jpg 0.235247612 0.35191321373 -9.46480369568
00000554_undistorted_crop.jpg 0.143030107021 0.324243068695 -11.0044126511
00000555_undistorted_crop.jpg 0.490275025368 0.377786159515 -12.4223232269
00000556_undistorted_crop.jpg 0.821426153183 0.270010471344 -14.0236558914
00000557_undistorted_crop.jpg 1.14052689075 0.428022384644 -15.8900156021
00000558_undistorted_crop.jpg 1.63388001919 0.11932516098 -17.5328445435
00000559_undistorted_crop.jpg 2.50723600388 0.29480266571 -19.0310344696
00000560_undistorted_crop.jpg 3.16510558128 0.354755401611 -20.6169719696
00000561_undistorted_crop.jpg 3.72279071808 0.636764526367 -22.3137760162
00000562_undistorted_crop.jpg 4.19280385971 0.454405784607 -23.6134033203
00000563_undistorted_crop.jpg 5.04924917221 0.369802474976 -24.7716636658
00000564_undistorted_crop.jpg 6.00311088562 0.143115997314 -26.2234382629
00000565_undistorted_crop.jpg 6.37919998169 -0.103289604187 -27.6267642975
00000566_undistorted_crop.jpg 6.76419973373 -0.440487861633 -29.1664676666
00000567_undistorted_crop.jpg 6.96538925171 -0.6587266922 -30.5797576904
00000568_undistorted_crop.jpg 7.24780130386 -0.335352897644 -32.020778656
00000569_undistorted_crop.jpg 7.74800872803 -0.638695716858 -33.4280281067
00000570_undistorted_crop.jpg 7.76665019989 -0.122493743896 -34.6021690369
00000571_undistorted_crop.jpg 7.33886432648 -0.157827377319 -35.2199058533
00000572_undistorted_crop.jpg 7.01118469238 -0.202377319336 -35.4786453247
00000573_undistorted_crop.jpg 6.78244972229 -0.205560684204 -35.4796485901
00000574_undistorted_crop.jpg 6.42278575897 -0.138570785522 -35.4129447937
00000575_undistorted_crop.jpg 5.99088478088 -0.213475227356 -35.4658164978
00000576_undistorted_crop.jpg 5.58196210861 -0.242172241211 -35.799030304
00000577_undistorted_crop.jpg 5.313560009 -0.355228424072 -36.2452850342
