00000224_undistorted_crop.jpg 7.28294658661 0.202618837357 -39.313079834
00000225_undistorted_crop.jpg 7.64469051361 0.588429927826 -37.9901123047
00000226_undistorted_crop.jpg 6.19379281998 -0.0684008598328 -36.9245834351
00000227_undistorted_crop.jpg 5.83400154114 -0.0553598403931 -36.7937240601
00000228_undistorted_crop.jpg 5.4661693573 -0.105021476746 -36.7211647034
00000229_undistorted_crop.jpg 5.0537147522 -0.0999708175659 -36.2915649414
00000230_undistorted_crop.jpg 4.52600765228 -0.0461101531982 -35.6579933167
00000231_undistorted_crop.jpg 4.01773834229 -0.174607753754 -35.3751068115
00000232_undistorted_crop.jpg 3.69801616669 -0.226864814758 -35.3228721619
00000233_undistorted_crop.jpg 3.71968460083 -0.233994007111 -35.3379325867
00000234_undistorted_crop.jpg 3.77476596832 -0.229405879974 -35.3301124573
00000235_undistorted_crop.jpg 3.83960437775 -0.213930130005 -35.3116455078
00000236_undistorted_crop.jpg 3.87317752838 -0.199036598206 -35.3049621582
00000237_undistorted_crop.jpg 3.8963470459 -0.189171791077 -35.3138809204
00000238_undistorted_crop.jpg 4.06890249252 -0.1647605896 -35.379573822
00000239_undistorted_crop.jpg 5.40133237839 2.75323867798 -36.9627914429
00000240_undistorted_crop.jpg 6.02553844452 2.22390174866 -36.266872406
00000241_undistorted_crop.jpg 2.38351869583 -2.67889499664 -36.7008895874
00000242_undistorted_crop.jpg 5.87194538116 -0.42789888382 -38.3606185913
00000243_undistorted_crop.jpg 6.45600700378 -0.274392127991 -38.3719673157
00000246_undistorted_crop.jpg 5.18415927887 0.535511016846 -35.6856842041
00000248_undistorted_crop.jpg 5.00135087967 0.855887413025 -34.1071891785
00000249_undistorted_crop.jpg 5.13584661484 1.00677168369 -33.5402488708
00000250_undistorted_crop.jpg 6.28369474411 1.13625431061 -33.5089149475
00000251_undistorted_crop.jpg 7.14917325974 1.09775733948 -33.2356910706
00000252_undistorted_crop.jpg 7.56474494934 0.507529258728 -32.6890678406
00000253_undistorted_crop.jpg 8.68992042542 0.559649705887 -32.0761260986
00000254_undistorted_crop.jpg 9.85491847992 0.363434791565 -31.4630393982
00000255_undistorted_crop.jpg 11.2017354965 0.468052506447 -30.8017787933
00000256_undistorted_crop.jpg 12.5935916901 0.230036497116 -30.3058853149
00000257_undistorted_crop.jpg 13.8065366745 0.470804929733 -29.5506763458
00000258_undistorted_crop.jpg 15.2397861481 0.54892039299 -28.5370388031
00000266_undistorted_crop.jpg 20.592376709 0.931079864502 -21.5104045868
00000267_undistorted_crop.jpg 20.1184806824 0.899835586548 -20.6113357544
00000268_undistorted_crop.jpg 19.7879371643 1.03177165985 -19.6579780579
00000269_undistorted_crop.jpg 19.494562149 1.06644248962 -18.5358200073
00000272_undistorted_crop.jpg 17.5520305634 0.936212539673 -16.552312851
00000273_undistorted_crop.jpg 17.2547950745 0.909012794495 -16.0729827881
00000274_undistorted_crop.jpg 16.8206233978 0.789971351624 -15.2188987732
00000275_undistorted_crop.jpg 16.4077377319 0.931027889252 -14.3141517639
00000276_undistorted_crop.jpg 16.3378067017 0.911910176277 -13.5262346268
00000277_undistorted_crop.jpg 16.5258827209 0.829621553421 -12.9779052734
00000278_undistorted_crop.jpg 16.8241939545 0.790291070938 -12.4114322662
00000279_undistorted_crop.jpg 17.1379146576 0.710745811462 -12.0294122696
00000280_undistorted_crop.jpg 17.3583145142 0.704972743988 -11.6000490189
00000281_undistorted_crop.jpg 17.5945930481 0.673085689545 -11.4868650436
00000282_undistorted_crop.jpg 17.8556976318 0.66215801239 -11.5441846848
00000283_undistorted_crop.jpg 17.9347171783 0.690328121185 -11.5257444382
00000284_undistorted_crop.jpg 17.9306354523 0.733463764191 -11.4336700439
00000285_undistorted_crop.jpg 17.9375648499 0.752698421478 -11.380531311
00000286_undistorted_crop.jpg 17.9279670715 0.770865917206 -11.3394193649
00000287_undistorted_crop.jpg 17.9058094025 0.763917446136 -11.329870224
00000288_undistorted_crop.jpg 17.9077606201 0.765036582947 -11.3305921555
00000289_undistorted_crop.jpg 17.910533905 0.780018806458 -11.3300352097
00000290_undistorted_crop.jpg 17.9106826782 0.783415794373 -11.3260183334
00000291_undistorted_crop.jpg 17.8838348389 0.770332336426 -11.3404989243
00000292_undistorted_crop.jpg 17.7942905426 0.773646354675 -11.3334846497
00000293_undistorted_crop.jpg 17.6834526062 0.730959415436 -11.3181114197
00000294_undistorted_crop.jpg 17.6405792236 0.745442867279 -11.3061294556
00000295_undistorted_crop.jpg 17.6036338806 0.766502857208 -11.2835350037
00000296_undistorted_crop.jpg 17.590379715 0.780953884125 -11.2374973297
00000297_undistorted_crop.jpg 17.5936222076 0.798417568207 -11.231762886
00000298_undistorted_crop.jpg 17.5897712708 0.795946598053 -11.2095079422
00000299_undistorted_crop.jpg 17.6078128815 0.797725200653 -11.2175235748
00000300_undistorted_crop.jpg 17.6089019775 0.807690143585 -11.2243089676
00000301_undistorted_crop.jpg 17.5974979401 0.787119865417 -11.2595186234
00000302_undistorted_crop.jpg 17.5695266724 0.774608612061 -11.2714538574
00000303_undistorted_crop.jpg 17.5850372314 0.771422386169 -11.3121299744
00000304_undistorted_crop.jpg 17.5840015411 0.75661945343 -11.2937345505
00000305_undistorted_crop.jpg 17.5810337067 0.779671430588 -11.2981481552
00000306_undistorted_crop.jpg 17.5937728882 0.760436296463 -11.3396100998
00000307_undistorted_crop.jpg 17.6173095703 0.74565410614 -11.3424549103
00000308_undistorted_crop.jpg 17.6186103821 0.765265464783 -11.3296175003
00000309_undistorted_crop.jpg 17.6024551392 0.759684085846 -11.3480596542
00000310_undistorted_crop.jpg 17.6470413208 0.785240650177 -11.3287601471
00000311_undistorted_crop.jpg 17.5882835388 0.813113212585 -11.3322238922
00000312_undistorted_crop.jpg 17.6430530548 0.806348800659 -11.2737216949
00000313_undistorted_crop.jpg 17.617389679 0.828154206276 -11.2798223495
00000314_undistorted_crop.jpg 17.6299686432 0.820265769958 -11.3174476624
00000315_undistorted_crop.jpg 17.659072876 0.831024885178 -11.3296661377
00000316_undistorted_crop.jpg 17.5992736816 0.799881458282 -11.3802509308
00000317_undistorted_crop.jpg 17.5954589844 0.801836252213 -11.375451088
00000318_undistorted_crop.jpg 17.5304946899 0.752418994904 -11.4149303436
00000319_undistorted_crop.jpg 17.4077396393 0.736446857452 -11.4147777557
00000320_undistorted_crop.jpg 17.2579135895 0.744187116623 -11.4592533112
00000321_undistorted_crop.jpg 17.1585063934 0.706512928009 -11.6991672516
00000322_undistorted_crop.jpg 17.0756187439 0.59493458271 -12.0133171082
00000323_undistorted_crop.jpg 16.7554397583 0.576196908951 -12.1352710724
00000324_undistorted_crop.jpg 16.3041877747 0.73438167572 -12.0033473969
00000326_undistorted_crop.jpg 14.2683868408 0.696329116821 -11.6848297119
00000327_undistorted_crop.jpg 13.6367044449 0.753834724426 -11.3030147552
00000328_undistorted_crop.jpg 13.1490049362 0.706851959229 -10.5548877716
00000329_undistorted_crop.jpg 12.8256597519 0.619366645813 -9.88990592957
00000330_undistorted_crop.jpg 12.3824081421 0.802850246429 -9.22044181824
00000331_undistorted_crop.jpg 11.963971138 0.848791122437 -8.63219547272
00000332_undistorted_crop.jpg 11.7337408066 0.824427604675 -8.14262866974
00000333_undistorted_crop.jpg 11.5635929108 0.82541012764 -7.67637825012
00000334_undistorted_crop.jpg 11.5618629456 0.792022228241 -7.41596889496
00000335_undistorted_crop.jpg 11.5218992233 0.78787612915 -7.35433578491
00000336_undistorted_crop.jpg 11.4898786545 0.773572921753 -7.39503622055
00000337_undistorted_crop.jpg 11.459148407 0.808537721634 -7.50476074219
00000338_undistorted_crop.jpg 11.5085144043 0.803871393204 -7.70614862442
00000339_undistorted_crop.jpg 11.558713913 0.90543961525 -7.96805858612
00000340_undistorted_crop.jpg 11.4511833191 0.928428173065 -8.07682514191
00000341_undistorted_crop.jpg 11.1986761093 0.902693986893 -8.14863586426
00000342_undistorted_crop.jpg 11.0709037781 0.966095328331 -8.25336170197
00000343_undistorted_crop.jpg 11.0233879089 0.998864412308 -8.30140399933
00000344_undistorted_crop.jpg 10.9870939255 1.01778864861 -8.30890274048
00000345_undistorted_crop.jpg 10.9891862869 1.00431919098 -8.26909542084
00000346_undistorted_crop.jpg 10.9777193069 0.955174088478 -8.17195510864
00000347_undistorted_crop.jpg 11.0350008011 0.849323391914 -8.01013565063
00000348_undistorted_crop.jpg 11.1614742279 0.707246899605 -7.94451379776
00000349_undistorted_crop.jpg 11.1809635162 0.697195529938 -7.9962515831
00000350_undistorted_crop.jpg 11.1956100464 0.729105949402 -8.03335094452
00000351_undistorted_crop.jpg 11.1637973785 0.7226126194 -8.10930728912
00000352_undistorted_crop.jpg 11.1284751892 0.730536222458 -8.17651367188
00000353_undistorted_crop.jpg 11.0975189209 0.757786035538 -8.20984458923
00000354_undistorted_crop.jpg 11.0720720291 0.790475606918 -8.20301246643
00000355_undistorted_crop.jpg 11.0772399902 0.794617176056 -8.18663215637
00000356_undistorted_crop.jpg 11.1011638641 0.784822463989 -8.16955471039
00000357_undistorted_crop.jpg 11.1188802719 0.790017843246 -8.18606185913
00000358_undistorted_crop.jpg 11.0979013443 0.832524299622 -8.18734264374
00000359_undistorted_crop.jpg 11.1165657043 0.817861437798 -8.19650173187
00000360_undistorted_crop.jpg 11.1110696793 0.829170584679 -8.20380878448
00000361_undistorted_crop.jpg 11.0981903076 0.816787481308 -8.20925331116
00000362_undistorted_crop.jpg 11.0898723602 0.832263350487 -8.22955131531
00000363_undistorted_crop.jpg 11.0549240112 0.825156211853 -8.16690731049
00000364_undistorted_crop.jpg 11.0935192108 0.792561769485 -8.14274215698
00000365_undistorted_crop.jpg 11.082444191 0.812185049057 -8.1509847641
00000366_undistorted_crop.jpg 11.0968732834 0.82049715519 -8.14850616455
00000367_undistorted_crop.jpg 11.1026096344 0.818015217781 -8.13960456848
00000368_undistorted_crop.jpg 11.0910673141 0.796518325806 -8.14276790619
00000369_undistorted_crop.jpg 11.0794849396 0.793196439743 -8.15829563141
00000370_undistorted_crop.jpg 11.0942239761 0.814806461334 -8.15424346924
00000371_undistorted_crop.jpg 11.1448488235 0.63166809082 -8.04848861694
00000372_undistorted_crop.jpg 11.5620660782 0.616350650787 -7.76656198502
00000373_undistorted_crop.jpg 12.0649108887 0.755148887634 -7.64730167389
00000374_undistorted_crop.jpg 12.4737691879 0.813713312149 -7.40164041519
00000375_undistorted_crop.jpg 12.57725811 0.810772180557 -7.13698673248
00000376_undistorted_crop.jpg 12.6147975922 0.779398202896 -6.94749450684
00000377_undistorted_crop.jpg 12.599357605 0.698137044907 -6.9109749794
00000378_undistorted_crop.jpg 12.6431722641 0.677885770798 -6.91123914719
00000379_undistorted_crop.jpg 12.6848583221 0.670715868473 -6.93769454956
00000380_undistorted_crop.jpg 12.7648668289 0.613276481628 -6.94231319427
00000381_undistorted_crop.jpg 12.674955368 0.733234405518 -6.95322036743
00000382_undistorted_crop.jpg 12.6327857971 0.694382190704 -6.99181461334
00000383_undistorted_crop.jpg 12.6703510284 0.612154245377 -6.99089097977
00000384_undistorted_crop.jpg 12.6490497589 0.616946697235 -6.99773645401
00000385_undistorted_crop.jpg 12.6283054352 0.630844116211 -7.03369855881
00000386_undistorted_crop.jpg 12.6527681351 0.622746706009 -7.07868289948
00000387_undistorted_crop.jpg 12.696928978 0.619992733002 -7.07431411743
00000388_undistorted_crop.jpg 12.7221240997 0.625608682632 -7.06423521042
00000389_undistorted_crop.jpg 12.7452411652 0.635649204254 -7.03451824188
00000390_undistorted_crop.jpg 12.6699848175 0.635882616043 -6.97476434708
00000391_undistorted_crop.jpg 12.4999637604 0.5904712677 -6.99607658386
00000392_undistorted_crop.jpg 12.4961299896 0.540393590927 -6.99710941315
00000393_undistorted_crop.jpg 12.551317215 0.475277423859 -7.00309753418
00000394_undistorted_crop.jpg 12.5827159882 0.460493803024 -6.99593925476
00000395_undistorted_crop.jpg 12.7188987732 0.355601012707 -6.88838386536
00000396_undistorted_crop.jpg 12.8012313843 0.326776266098 -6.81580400467
00000397_undistorted_crop.jpg 12.843252182 0.340755581856 -6.76374053955
00000398_undistorted_crop.jpg 12.7897758484 0.41397690773 -6.82105731964
00000399_undistorted_crop.jpg 12.7868289948 0.574311971664 -6.91426467896
00000400_undistorted_crop.jpg 12.7974729538 0.689353466034 -6.93314552307
00000401_undistorted_crop.jpg 12.7646408081 0.807715415955 -6.95457553864
00000402_undistorted_crop.jpg 12.7654476166 0.788017511368 -6.95389175415
00000403_undistorted_crop.jpg 12.7176837921 0.800498008728 -6.97099494934
00000404_undistorted_crop.jpg 12.7285633087 0.770061969757 -6.91597747803
00000405_undistorted_crop.jpg 12.7178506851 0.74442243576 -6.87756967545
00000406_undistorted_crop.jpg 12.7395172119 0.801651716232 -6.97872209549
00000407_undistorted_crop.jpg 12.7668714523 0.797561407089 -6.98680067062
00000408_undistorted_crop.jpg 12.7198600769 0.799457550049 -6.93506240845
00000409_undistorted_crop.jpg 12.6791877747 0.799652814865 -6.97546863556
00000410_undistorted_crop.jpg 12.6578512192 0.866666197777 -7.09369850159
00000411_undistorted_crop.jpg 12.6346950531 0.854880809784 -7.13008737564
00000412_undistorted_crop.jpg 12.4440174103 0.919078350067 -7.32912063599
00000413_undistorted_crop.jpg 12.3506622314 0.941004753113 -7.55380487442
00000414_undistorted_crop.jpg 12.2232952118 0.886628389359 -7.74298191071
00000415_undistorted_crop.jpg 11.6363048553 0.90549826622 -7.91307067871
00000416_undistorted_crop.jpg 11.1375627518 0.903655409813 -8.07175064087
00000417_undistorted_crop.jpg 10.9334888458 0.866480827332 -8.23837757111
00000418_undistorted_crop.jpg 10.9204216003 0.882144331932 -8.30510234833
00000419_undistorted_crop.jpg 11.054731369 0.88081240654 -8.33606147766
00000420_undistorted_crop.jpg 11.4108467102 0.850412845612 -8.53673362732
00000421_undistorted_crop.jpg 12.0351324081 1.04294347763 -8.96252632141
00000422_undistorted_crop.jpg 12.7757892609 0.985589981079 -9.51457214355
00000423_undistorted_crop.jpg 13.2969369888 1.185582757 -10.2855548859
00000424_undistorted_crop.jpg 13.5242834091 1.3250105381 -10.9444704056
00000425_undistorted_crop.jpg 13.7656888962 0.961182594299 -11.5082769394
00000426_undistorted_crop.jpg 14.0064163208 0.918155670166 -12.1000366211
00000427_undistorted_crop.jpg 14.3781242371 1.00750994682 -12.6493330002
00000428_undistorted_crop.jpg 14.7533168793 0.859609127045 -13.184513092
00000429_undistorted_crop.jpg 14.8811969757 0.762094855309 -13.6098213196
00000430_undistorted_crop.jpg 14.8620510101 0.620100736618 -13.9183006287
00000431_undistorted_crop.jpg 14.6964979172 0.717226326466 -14.3235797882
00000432_undistorted_crop.jpg 14.6996536255 0.66848808527 -14.5157146454
00000433_undistorted_crop.jpg 14.7307538986 0.694835960865 -14.6032943726
00000434_undistorted_crop.jpg 14.7717971802 0.681168794632 -14.6997318268
00000435_undistorted_crop.jpg 14.7684106827 0.738104701042 -14.7761421204
00000436_undistorted_crop.jpg 14.7843294144 0.73932826519 -14.823849678
00000437_undistorted_crop.jpg 14.7741508484 0.779207468033 -14.8437519073
00000438_undistorted_crop.jpg 14.7255554199 0.805179357529 -14.8858337402
00000439_undistorted_crop.jpg 14.6900310516 0.84513759613 -14.9178190231
00000440_undistorted_crop.jpg 14.6726970673 0.860867738724 -14.9484758377
00000441_undistorted_crop.jpg 14.6533737183 0.874249219894 -14.9906702042
00000442_undistorted_crop.jpg 14.5345859528 0.923077583313 -15.0815267563
00000443_undistorted_crop.jpg 14.4152297974 1.02008223534 -15.1912736893
00000444_undistorted_crop.jpg 14.4019699097 1.12665534019 -15.3333015442
00000445_undistorted_crop.jpg 14.4126310349 1.12931919098 -15.36328125
00000446_undistorted_crop.jpg 14.5273914337 1.04169821739 -15.263384819
00000447_undistorted_crop.jpg 14.6321897507 0.955243825912 -15.1861467361
00000448_undistorted_crop.jpg 14.6514415741 0.935829401016 -15.0912027359
00000449_undistorted_crop.jpg 14.6348190308 0.910415887833 -15.0203523636
00000450_undistorted_crop.jpg 14.6611337662 0.906072378159 -15.0070037842
00000451_undistorted_crop.jpg 14.7208423615 0.851516008377 -14.9876298904
00000452_undistorted_crop.jpg 14.7577562332 0.864343166351 -15.0285215378
00000453_undistorted_crop.jpg 14.7552509308 0.902635097504 -15.0920829773
00000454_undistorted_crop.jpg 14.688117981 0.970205783844 -15.1127128601
00000455_undistorted_crop.jpg 14.6193857193 0.955410003662 -14.9954471588
00000456_undistorted_crop.jpg 14.5257873535 0.903891086578 -14.7443618774
00000457_undistorted_crop.jpg 14.4863176346 0.86493396759 -14.6273603439
00000458_undistorted_crop.jpg 14.4865036011 0.856037378311 -14.6400146484
00000459_undistorted_crop.jpg 14.4938011169 0.85938501358 -14.6927080154
00000460_undistorted_crop.jpg 14.510559082 0.848548412323 -14.7504720688
00000461_undistorted_crop.jpg 14.5268268585 0.848395705223 -14.7974357605
00000462_undistorted_crop.jpg 14.5407295227 0.859835267067 -14.8329563141
00000463_undistorted_crop.jpg 14.5485477448 0.883192181587 -14.8573846817
00000464_undistorted_crop.jpg 14.5297241211 0.887223124504 -14.8740110397
00000465_undistorted_crop.jpg 14.514339447 0.887834072113 -14.8634815216
00000466_undistorted_crop.jpg 14.4894237518 0.867102265358 -14.8502616882
00000467_undistorted_crop.jpg 14.4436178207 0.876406550407 -14.8422346115
00000468_undistorted_crop.jpg 14.4253005981 0.870361804962 -14.8395652771
00000469_undistorted_crop.jpg 14.4224901199 0.856067299843 -14.8463907242
00000470_undistorted_crop.jpg 14.4035177231 0.865415811539 -14.8545684814
00000471_undistorted_crop.jpg 14.4125032425 0.867505550385 -14.8488521576
00000472_undistorted_crop.jpg 14.2566013336 0.877767086029 -14.8420333862
00000473_undistorted_crop.jpg 13.9808673859 0.996672153473 -14.8578310013
00000474_undistorted_crop.jpg 13.8653106689 0.982657432556 -14.8147773743
00000475_undistorted_crop.jpg 13.9750261307 0.919574022293 -14.7653150558
00000476_undistorted_crop.jpg 14.1127271652 0.894248485565 -14.78703022
00000477_undistorted_crop.jpg 14.2899503708 0.848811030388 -14.8073358536
00000478_undistorted_crop.jpg 14.3175468445 0.837686419487 -14.756529808
00000479_undistorted_crop.jpg 14.2670927048 0.861811876297 -14.656129837
00000480_undistorted_crop.jpg 14.1618452072 0.860450744629 -14.5626964569
00000481_undistorted_crop.jpg 14.2331857681 0.849297761917 -14.5203065872
00000482_undistorted_crop.jpg 14.3432941437 0.800731301308 -14.51770401
00000483_undistorted_crop.jpg 14.3677883148 0.80947637558 -14.569018364
00000484_undistorted_crop.jpg 14.2854394913 0.900868356228 -14.6898231506
00000485_undistorted_crop.jpg 14.6105585098 0.936909198761 -14.9006328583
00000486_undistorted_crop.jpg 15.4658374786 1.03300285339 -15.5914068222
00000487_undistorted_crop.jpg 16.3866424561 1.22441530228 -16.3613834381
00000517_undistorted_crop.jpg 4.77089500427 -0.0977897644043 -33.9314346313
00000518_undistorted_crop.jpg 4.87304639816 0.430097579956 -35.277961731
00000519_undistorted_crop.jpg 5.20506858826 -0.699188232422 -34.0337677002
00000520_undistorted_crop.jpg -0.395746707916 -4.18687152863 -35.1765441895
00000521_undistorted_crop.jpg 1.69025635719 -2.39257597923 -38.5309028625
00000522_undistorted_crop.jpg 3.21186184883 -1.49685645103 -39.0752487183
00000523_undistorted_crop.jpg 4.15926074982 -1.73252391815 -38.0451583862
00000524_undistorted_crop.jpg 4.77953767776 -2.37750244141 -36.6953392029
00000525_undistorted_crop.jpg 5.73952484131 -1.78520345688 -37.1325340271
00000526_undistorted_crop.jpg 6.06214237213 -1.62686944008 -37.5835800171
00000527_undistorted_crop.jpg 5.98201227188 -1.66020965576 -37.7291946411
00000528_undistorted_crop.jpg 5.58025550842 -1.94428443909 -37.9379196167
00000529_undistorted_crop.jpg 5.24460840225 -1.659522295 -37.9334220886
00000530_undistorted_crop.jpg 5.38581371307 -0.197983980179 -38.0953636169
00000531_undistorted_crop.jpg 6.01173019409 0.469952106476 -36.5158729553
00000532_undistorted_crop.jpg 5.22202110291 -0.0383815765381 -35.9131546021
00000533_undistorted_crop.jpg 4.63201808929 -0.13477897644 -35.2399902344
00000534_undistorted_crop.jpg 4.34423160553 -0.202342510223 -35.0348777771
00000535_undistorted_crop.jpg 4.27503681183 -0.210966110229 -35.0292472839
