00000203_undistorted_crop.jpg 4.46967029572 -0.272173881531 -34.6426200867
00000204_undistorted_crop.jpg 4.55954456329 -0.228824615479 -34.5992393494
00000205_undistorted_crop.jpg 5.16877412796 -0.0536444187164 -34.6901054382
00000206_undistorted_crop.jpg 5.78575801849 0.334534645081 -35.3657341003
00000208_undistorted_crop.jpg 0.159345269203 -5.12113857269 -37.5430831909
00000209_undistorted_crop.jpg 1.45074820518 -1.27997815609 -39.3396263123
00000210_undistorted_crop.jpg 1.27733242512 -0.940868139267 -39.343296051
00000211_undistorted_crop.jpg 1.23717975616 -0.935496091843 -39.4277687073
00000212_undistorted_crop.jpg 1.39560437202 -0.913876771927 -39.5363960266
00000213_undistorted_crop.jpg 1.82051241398 -1.17667090893 -39.720085144
00000214_undistorted_crop.jpg -16.5128746033 -28.8934192657 -28.5133876801
00000215_undistorted_crop.jpg 5.51745986938 0.821099996567 -35.0676956177
00000216_undistorted_crop.jpg 4.65835857391 -0.0118436813354 -34.9144744873
00000217_undistorted_crop.jpg 5.04107475281 0.124654769897 -34.3679008484
00000218_undistorted_crop.jpg 5.70156288147 0.0843906402588 -33.9300727844
00000219_undistorted_crop.jpg 6.51630210876 0.0579390525818 -33.4166870117
00000220_undistorted_crop.jpg 7.93588256836 0.429250240326 -32.5763549805
00000221_undistorted_crop.jpg 9.31466674805 0.27917650342 -31.9584922791
00000222_undistorted_crop.jpg 10.8860559464 0.410132706165 -31.2698230743
00000223_undistorted_crop.jpg 12.056886673 0.295502901077 -30.8534545898
00000224_undistorted_crop.jpg 13.2092847824 0.420073539019 -30.2997398376
00000225_undistorted_crop.jpg 14.4966697693 0.499127030373 -29.6944274902
00000226_undistorted_crop.jpg 15.6190595627 0.489358305931 -29.1387939453
00000227_undistorted_crop.jpg 16.9342575073 0.423866510391 -28.7041969299
00000234_undistorted_crop.jpg 19.6885871887 1.01869392395 -21.2077941895
00000235_undistorted_crop.jpg 19.137014389 0.882427215576 -20.0819644928
00000236_undistorted_crop.jpg 18.5439872742 0.965716362 -18.7486362457
00000237_undistorted_crop.jpg 17.7769851685 0.896669387817 -17.5990219116
00000238_undistorted_crop.jpg 17.1208515167 0.789797782898 -16.9724121094
00000239_undistorted_crop.jpg 16.7073554993 0.789639472961 -15.9854774475
00000240_undistorted_crop.jpg 16.5565547943 0.843112945557 -14.9329557419
00000241_undistorted_crop.jpg 16.5195903778 0.752580165863 -13.7993354797
00000242_undistorted_crop.jpg 16.5515766144 0.616840004921 -12.9691085815
00000243_undistorted_crop.jpg 16.7806282043 0.643176794052 -12.1618385315
00000244_undistorted_crop.jpg 17.1570911407 0.57408285141 -11.7262859344
00000245_undistorted_crop.jpg 17.4429912567 0.58047246933 -11.6963634491
00000246_undistorted_crop.jpg 17.6619052887 0.624855995178 -11.6587266922
00000247_undistorted_crop.jpg 17.7606105804 0.655822753906 -11.5177946091
00000248_undistorted_crop.jpg 17.7640247345 0.688638210297 -11.3887205124
00000249_undistorted_crop.jpg 17.729385376 0.684978961945 -11.3335599899
00000250_undistorted_crop.jpg 17.6763591766 0.676683425903 -11.3377628326
00000251_undistorted_crop.jpg 17.4944419861 0.558418989182 -11.3332910538
00000252_undistorted_crop.jpg 17.2895126343 0.654483735561 -11.266617775
00000253_undistorted_crop.jpg 17.191865921 0.642065882683 -11.2726631165
00000254_undistorted_crop.jpg 17.1522006989 0.66247433424 -11.2418651581
00000255_undistorted_crop.jpg 17.1829814911 0.747156381607 -11.2167263031
00000256_undistorted_crop.jpg 17.199804306 0.773997306824 -11.2150030136
00000257_undistorted_crop.jpg 17.1913089752 0.761968135834 -11.2360343933
00000258_undistorted_crop.jpg 17.1999721527 0.715170383453 -11.2509717941
00000259_undistorted_crop.jpg 17.046251297 0.689035654068 -11.1863460541
00000260_undistorted_crop.jpg 17.0239467621 0.709143161774 -11.1606006622
00000261_undistorted_crop.jpg 17.0307197571 0.729469060898 -11.1589260101
00000262_undistorted_crop.jpg 16.9474925995 0.727204799652 -11.1613788605
00000263_undistorted_crop.jpg 16.9265098572 0.725555896759 -11.156463623
00000264_undistorted_crop.jpg 17.0608692169 0.69711458683 -11.1962690353
00000265_undistorted_crop.jpg 17.2925167084 0.760881900787 -11.2216739655
00000266_undistorted_crop.jpg 17.3330307007 0.785382270813 -11.2314834595
00000267_undistorted_crop.jpg 17.3607521057 0.785336971283 -11.237944603
00000268_undistorted_crop.jpg 17.4133834839 0.75617980957 -11.2819681168
00000269_undistorted_crop.jpg 17.5287857056 0.743765354156 -11.3011770248
00000270_undistorted_crop.jpg 17.6937141418 0.766332626343 -11.3115739822
00000271_undistorted_crop.jpg 17.7814826965 0.757033824921 -11.3191661835
00000272_undistorted_crop.jpg 17.8280296326 0.735811233521 -11.3023748398
00000273_undistorted_crop.jpg 17.7510681152 0.756868839264 -11.2879056931
00000274_undistorted_crop.jpg 17.5512542725 0.778131484985 -11.2722635269
00000275_undistorted_crop.jpg 17.3498268127 0.779091835022 -11.3051023483
00000276_undistorted_crop.jpg 17.3054065704 0.775031089783 -11.3648538589
00000277_undistorted_crop.jpg 17.3009223938 0.78469991684 -11.4079837799
00000278_undistorted_crop.jpg 17.3039188385 0.789680957794 -11.4306554794
00000279_undistorted_crop.jpg 17.2966136932 0.79546046257 -11.4370250702
00000280_undistorted_crop.jpg 17.2843856812 0.823000431061 -11.3818340302
00000281_undistorted_crop.jpg 17.2759056091 0.832514762878 -11.385723114
00000282_undistorted_crop.jpg 17.2689533234 0.79854631424 -11.405040741
00000283_undistorted_crop.jpg 17.2891483307 0.791400909424 -11.3760433197
00000284_undistorted_crop.jpg 17.2001953125 0.825883865356 -11.4294967651
00000285_undistorted_crop.jpg 17.1534633636 0.803556919098 -11.3742465973
00000286_undistorted_crop.jpg 17.0014915466 0.71194767952 -11.3574533463
00000287_undistorted_crop.jpg 16.8605251312 0.580330967903 -11.5923748016
00000288_undistorted_crop.jpg 16.7415390015 0.637513160706 -11.7397460938
00000290_undistorted_crop.jpg 15.1553707123 0.555946350098 -11.4988288879
00000291_undistorted_crop.jpg 14.6740341187 0.601056098938 -11.2960090637
00000292_undistorted_crop.jpg 14.1129207611 0.660349845886 -10.783782959
00000293_undistorted_crop.jpg 13.5832462311 0.688871383667 -9.89598369598
00000294_undistorted_crop.jpg 13.0817165375 0.643793106079 -9.16805553436
00000295_undistorted_crop.jpg 12.5596790314 0.743232727051 -8.69378471375
00000296_undistorted_crop.jpg 12.0046138763 0.825540065765 -8.35206413269
00000297_undistorted_crop.jpg 11.6823253632 0.745444774628 -7.97458600998
00000298_undistorted_crop.jpg 11.4722633362 0.692609786987 -7.73262214661
00000299_undistorted_crop.jpg 11.4366378784 0.703273296356 -7.68024921417
00000300_undistorted_crop.jpg 11.3850917816 0.72590637207 -7.7257027626
00000301_undistorted_crop.jpg 11.3704223633 0.746128559113 -7.78792953491
00000302_undistorted_crop.jpg 11.3835754395 0.735017299652 -7.83596467972
00000303_undistorted_crop.jpg 11.4020366669 0.752109527588 -7.88291692734
00000304_undistorted_crop.jpg 11.2836198807 0.842414259911 -8.07651901245
00000305_undistorted_crop.jpg 11.112616539 1.01401031017 -8.3947467804
00000306_undistorted_crop.jpg 11.0317983627 1.18233156204 -8.56794548035
00000307_undistorted_crop.jpg 10.9756126404 1.22830057144 -8.61790847778
00000308_undistorted_crop.jpg 10.9525976181 1.22048950195 -8.63862514496
00000309_undistorted_crop.jpg 11.0154352188 1.09623944759 -8.54807758331
00000310_undistorted_crop.jpg 11.127910614 0.899575471878 -8.44454288483
00000311_undistorted_crop.jpg 11.1837072372 0.862786531448 -8.40167236328
00000312_undistorted_crop.jpg 11.1532182693 0.840400218964 -8.34300708771
00000313_undistorted_crop.jpg 11.1566886902 0.83171415329 -8.31227397919
00000314_undistorted_crop.jpg 11.1627035141 0.817331075668 -8.27838134766
00000315_undistorted_crop.jpg 11.1727581024 0.797820091248 -8.24522209167
00000316_undistorted_crop.jpg 11.206120491 0.79146027565 -8.19398593903
00000317_undistorted_crop.jpg 11.2500085831 0.799109697342 -8.15654468536
00000318_undistorted_crop.jpg 11.2443618774 0.810529470444 -8.12964344025
00000319_undistorted_crop.jpg 11.2445135117 0.815477848053 -8.13928031921
00000320_undistorted_crop.jpg 11.2618246078 0.821393251419 -8.13810539246
00000321_undistorted_crop.jpg 11.268073082 0.82450056076 -8.10820579529
00000322_undistorted_crop.jpg 11.1867227554 0.788962364197 -8.11290740967
00000323_undistorted_crop.jpg 11.1699562073 0.804155826569 -8.10626983643
00000324_undistorted_crop.jpg 11.1617956161 0.792482614517 -8.11302089691
00000325_undistorted_crop.jpg 11.1330165863 0.782878637314 -8.10297489166
00000326_undistorted_crop.jpg 11.1375217438 0.754812479019 -8.04734802246
00000327_undistorted_crop.jpg 11.1428375244 0.760462522507 -7.99774026871
00000328_undistorted_crop.jpg 11.1931095123 0.765314102173 -7.99797582626
00000329_undistorted_crop.jpg 11.2049999237 0.769334077835 -7.98698997498
00000330_undistorted_crop.jpg 11.195192337 0.77112030983 -7.97552490234
00000331_undistorted_crop.jpg 11.2037858963 0.799476146698 -7.95884943008
00000332_undistorted_crop.jpg 11.2067928314 0.78505563736 -7.90847730637
00000333_undistorted_crop.jpg 11.1941747665 0.792543411255 -7.90145969391
00000334_undistorted_crop.jpg 11.2234897614 0.790371179581 -7.90819311142
00000335_undistorted_crop.jpg 11.1960525513 0.777821063995 -7.88987207413
00000336_undistorted_crop.jpg 11.2182970047 0.776554107666 -7.88132953644
00000337_undistorted_crop.jpg 11.1957921982 0.741323947906 -7.81734514236
00000338_undistorted_crop.jpg 11.2904014587 0.853742361069 -7.70001745224
00000339_undistorted_crop.jpg 11.810833931 0.77322268486 -7.55985832214
00000340_undistorted_crop.jpg 12.2898387909 0.708806753159 -7.49638080597
00000341_undistorted_crop.jpg 12.4623508453 0.643593788147 -7.40939664841
00000342_undistorted_crop.jpg 12.5340938568 0.602133750916 -7.25494384766
00000343_undistorted_crop.jpg 12.4883346558 0.584798336029 -7.16877317429
00000344_undistorted_crop.jpg 12.4937868118 0.600859165192 -7.15520858765
00000345_undistorted_crop.jpg 12.4907512665 0.602088928223 -7.15926980972
00000346_undistorted_crop.jpg 12.4969291687 0.62310552597 -7.14649963379
00000347_undistorted_crop.jpg 12.5221385956 0.628884553909 -7.1424741745
00000348_undistorted_crop.jpg 12.5279502869 0.635422945023 -7.13667583466
00000349_undistorted_crop.jpg 12.5226535797 0.647515296936 -7.13636684418
00000350_undistorted_crop.jpg 12.5047674179 0.703040361404 -7.14264011383
00000351_undistorted_crop.jpg 12.5167312622 0.730437755585 -7.13764381409
00000352_undistorted_crop.jpg 12.5111207962 0.627594947815 -7.10489940643
00000353_undistorted_crop.jpg 12.5018119812 0.579520702362 -7.10077190399
00000354_undistorted_crop.jpg 12.5022506714 0.578720808029 -7.09992551804
00000355_undistorted_crop.jpg 12.4411325455 0.599637985229 -7.10986232758
00000356_undistorted_crop.jpg 12.4198703766 0.619103193283 -7.13570404053
00000357_undistorted_crop.jpg 12.4116592407 0.632440567017 -7.13805198669
00000358_undistorted_crop.jpg 12.3967866898 0.637612342834 -7.14723300934
00000359_undistorted_crop.jpg 12.3558139801 0.645212650299 -7.16829776764
00000360_undistorted_crop.jpg 12.3527412415 0.648177146912 -7.17040729523
00000361_undistorted_crop.jpg 12.3071393967 0.662719488144 -7.21149635315
00000362_undistorted_crop.jpg 12.2328710556 0.684659719467 -7.27524900436
00000363_undistorted_crop.jpg 12.1647109985 0.702761888504 -7.40004110336
00000364_undistorted_crop.jpg 11.9993228912 0.771152496338 -7.6263217926
00000365_undistorted_crop.jpg 11.6005535126 0.969882011414 -7.85473394394
00000366_undistorted_crop.jpg 11.2536096573 1.06509304047 -8.03458023071
00000367_undistorted_crop.jpg 11.1434669495 1.16338992119 -8.11810493469
00000368_undistorted_crop.jpg 11.156917572 1.14264941216 -8.15431690216
00000369_undistorted_crop.jpg 11.2291069031 1.12478911877 -8.17432117462
00000370_undistorted_crop.jpg 11.3376684189 1.00656080246 -8.14039230347
00000371_undistorted_crop.jpg 11.552274704 0.804468512535 -8.07487773895
00000372_undistorted_crop.jpg 11.8709192276 0.721039056778 -8.20383739471
00000373_undistorted_crop.jpg 12.4651565552 1.04294085503 -9.0346326828
00000374_undistorted_crop.jpg 13.2119541168 0.872873783112 -8.93580818176
00000375_undistorted_crop.jpg 13.6685638428 0.856534719467 -9.69900798798
00000376_undistorted_crop.jpg 13.8957834244 0.873953342438 -10.3052215576
00000377_undistorted_crop.jpg 14.2074651718 0.934459686279 -11.0936098099
00000378_undistorted_crop.jpg 14.5116672516 0.929634571075 -11.7442655563
00000379_undistorted_crop.jpg 14.9754524231 0.976981639862 -12.4666004181
00000380_undistorted_crop.jpg 15.081829071 0.822796344757 -13.0431013107
00000381_undistorted_crop.jpg 14.9412059784 0.902172982693 -13.617978096
00000382_undistorted_crop.jpg 14.6707687378 0.826839804649 -14.0892753601
00000383_undistorted_crop.jpg 14.498342514 0.757836043835 -14.5140256882
00000384_undistorted_crop.jpg 14.3984298706 0.71934401989 -14.8569192886
00000385_undistorted_crop.jpg 14.3473949432 0.740156650543 -15.0256614685
00000386_undistorted_crop.jpg 14.3386497498 0.761854171753 -15.0886964798
00000387_undistorted_crop.jpg 14.3447875977 0.76481962204 -15.1126203537
00000388_undistorted_crop.jpg 14.366355896 0.770270228386 -15.1183795929
00000389_undistorted_crop.jpg 14.3957395554 0.761057972908 -15.1299152374
00000390_undistorted_crop.jpg 14.4698762894 0.790932178497 -15.1585140228
00000391_undistorted_crop.jpg 14.5533504486 0.827114343643 -15.2479982376
00000392_undistorted_crop.jpg 14.5427932739 0.881699979305 -15.2844686508
00000393_undistorted_crop.jpg 14.5184173584 0.870445549488 -15.299949646
00000394_undistorted_crop.jpg 14.4971466064 0.823578357697 -15.270819664
00000395_undistorted_crop.jpg 14.3483581543 0.880327701569 -15.2217378616
00000396_undistorted_crop.jpg 14.2849702835 0.899476528168 -15.1844272614
00000397_undistorted_crop.jpg 14.4316577911 0.802446365356 -15.139872551
00000398_undistorted_crop.jpg 14.5588645935 0.746911764145 -15.1033401489
00000399_undistorted_crop.jpg 14.5798454285 0.771915912628 -15.098118782
00000400_undistorted_crop.jpg 14.5632305145 0.785047650337 -15.1117963791
00000401_undistorted_crop.jpg 14.5509490967 0.787160754204 -15.1148519516
00000402_undistorted_crop.jpg 14.5220899582 0.796586990356 -15.1283922195
00000403_undistorted_crop.jpg 14.5284814835 0.796882152557 -15.1425189972
00000404_undistorted_crop.jpg 14.5553970337 0.767905235291 -15.1392230988
00000405_undistorted_crop.jpg 14.5482854843 0.801235437393 -15.1364145279
00000406_undistorted_crop.jpg 14.5899391174 0.773950099945 -15.0860052109
00000407_undistorted_crop.jpg 14.6162834167 0.734046220779 -15.0437726974
00000408_undistorted_crop.jpg 14.5788574219 0.750157117844 -15.045214653
00000409_undistorted_crop.jpg 14.5693054199 0.754391670227 -15.0384607315
00000410_undistorted_crop.jpg 14.570063591 0.765939950943 -15.0139427185
00000411_undistorted_crop.jpg 14.5882387161 0.748984336853 -14.981595993
00000412_undistorted_crop.jpg 14.5721168518 0.768496990204 -14.9565210342
00000413_undistorted_crop.jpg 14.5824680328 0.752411365509 -14.9342556
00000414_undistorted_crop.jpg 14.6000728607 0.739393949509 -14.9048967361
00000415_undistorted_crop.jpg 14.589925766 0.775342464447 -14.8937997818
00000416_undistorted_crop.jpg 14.5968952179 0.82603085041 -14.8807668686
00000417_undistorted_crop.jpg 14.8185882568 0.862977027893 -15.0676078796
00000418_undistorted_crop.jpg 15.3747005463 1.18744564056 -15.6797590256
00000433_undistorted_crop.jpg 18.5960350037 0.799197673798 -23.6562042236
00000434_undistorted_crop.jpg 19.3287296295 -1.39537203312 -23.2347602844
00000435_undistorted_crop.jpg 18.5091552734 0.442517161369 -23.1580410004
00000450_undistorted_crop.jpg 4.05052661896 -1.69645500183 -37.3878440857
00000451_undistorted_crop.jpg -0.744524240494 -8.40975189209 -36.6531639099
00000452_undistorted_crop.jpg -0.506217300892 -4.35538291931 -38.0577964783
00000453_undistorted_crop.jpg -0.484494686127 -2.156001091 -39.5046844482
00000454_undistorted_crop.jpg 1.25358450413 -0.169384554029 -40.4644508362
00000455_undistorted_crop.jpg 1.21664309502 0.0376301407814 -40.6702690125
00000456_undistorted_crop.jpg 0.232469201088 -0.667794942856 -40.4516944885
00000457_undistorted_crop.jpg 2.92147541046 -0.240630447865 -40.0442771912
00000458_undistorted_crop.jpg 7.44363594055 -0.101548671722 -37.2823905945
00000459_undistorted_crop.jpg 5.70357227325 0.0809745788574 -36.482635498
00000460_undistorted_crop.jpg 5.02421760559 -0.0549144744873 -35.9655570984
00000461_undistorted_crop.jpg 4.71336936951 -0.200714588165 -35.6250267029
00000462_undistorted_crop.jpg 4.39829826355 -0.259525299072 -35.5808410645
