00000001_undistorted_crop.jpg -0.852090895176 1.60180902481 1.41014432907
00000002_undistorted_crop.jpg -0.854254424572 1.60220646858 1.41271543503
00000003_undistorted_crop.jpg -0.855188012123 1.60194468498 1.41312289238
00000004_undistorted_crop.jpg -0.852817296982 1.60321354866 1.41111791134
00000005_undistorted_crop.jpg -0.851705908775 1.60544264317 1.41373002529
00000006_undistorted_crop.jpg -0.852582156658 1.60619580746 1.41518819332
00000007_undistorted_crop.jpg -0.849777698517 1.60556042194 1.41350257397
00000008_undistorted_crop.jpg -0.849237084389 1.60441160202 1.40911090374
00000009_undistorted_crop.jpg -0.848417699337 1.60509800911 1.41212999821
00000010_undistorted_crop.jpg -0.844331502914 1.60788464546 1.4112225771
00000011_undistorted_crop.jpg -0.839572370052 1.60316681862 1.4044649601
00000012_undistorted_crop.jpg -0.815851211548 1.5959815979 1.41922044754
00000013_undistorted_crop.jpg -0.786788344383 1.57680261135 1.43224692345
00000014_undistorted_crop.jpg -0.754092276096 1.55979466438 1.44106829166
00000015_undistorted_crop.jpg -0.726172149181 1.54267692566 1.44709968567
00000016_undistorted_crop.jpg -0.7077075243 1.5177564621 1.44474339485
00000017_undistorted_crop.jpg -0.696478962898 1.49692988396 1.44408345222
00000018_undistorted_crop.jpg -0.690555393696 1.48379361629 1.44682836533
00000019_undistorted_crop.jpg -0.688683569431 1.47492706776 1.44945693016
00000020_undistorted_crop.jpg -0.720425307751 1.46582984924 1.46428108215
00000021_undistorted_crop.jpg -0.767647027969 1.46184146404 1.48488163948
00000022_undistorted_crop.jpg -0.827877402306 1.46476018429 1.49077224731
00000023_undistorted_crop.jpg -0.885910093784 1.46955597401 1.49519777298
00000024_undistorted_crop.jpg -0.930854141712 1.47817635536 1.50327253342
00000025_undistorted_crop.jpg -0.972439289093 1.47638976574 1.5180888176
00000026_undistorted_crop.jpg -1.00276899338 1.50386738777 1.5695412159
00000027_undistorted_crop.jpg -1.08812618256 1.49996447563 1.57915937901
00000028_undistorted_crop.jpg -1.17304706573 1.48043072224 1.59975171089
00000029_undistorted_crop.jpg -1.23813903332 1.48027205467 1.70527553558
00000030_undistorted_crop.jpg -1.30572414398 1.50163853168 1.86602449417
00000031_undistorted_crop.jpg -1.32792019844 1.56820321083 2.10399913788
00000032_undistorted_crop.jpg -1.30157494545 1.61771321297 2.37594771385
00000033_undistorted_crop.jpg -1.27386319637 1.59253168106 2.6126639843
00000034_undistorted_crop.jpg -1.27720046043 1.50016760826 2.84980010986
00000035_undistorted_crop.jpg -1.33974659443 1.31671774387 3.0622420311
00000036_undistorted_crop.jpg -1.53780972958 1.0496430397 3.13881754875
00000037_undistorted_crop.jpg -1.78576755524 0.707702040672 3.06661605835
00000038_undistorted_crop.jpg -1.76862823963 0.292971909046 2.78225183487
00000039_undistorted_crop.jpg -2.1452729702 0.0492248535156 2.77929162979
00000040_undistorted_crop.jpg -2.32643556595 -0.153926789761 2.77316856384
00000041_undistorted_crop.jpg -2.43167519569 -0.293409883976 2.81603384018
00000042_undistorted_crop.jpg -2.4806432724 -0.367282807827 2.85001516342
00000043_undistorted_crop.jpg -2.54080963135 -0.406915307045 2.8970708847
00000044_undistorted_crop.jpg -2.64142370224 -0.40748500824 2.99015140533
00000045_undistorted_crop.jpg -2.76740121841 -0.391478180885 3.10294008255
00000046_undistorted_crop.jpg -2.91991615295 -0.367746829987 3.23047828674
00000047_undistorted_crop.jpg -3.10398173332 -0.325788974762 3.39312434196
00000048_undistorted_crop.jpg -3.22633194923 -0.326880693436 3.51014494896
00000049_undistorted_crop.jpg -3.40760612488 -0.383512020111 3.76353693008
00000050_undistorted_crop.jpg -3.57018232346 -0.440558433533 4.04144191742
00000051_undistorted_crop.jpg -3.70221138 -0.478219032288 4.24095726013
00000052_undistorted_crop.jpg -3.85712003708 -0.479759931564 4.44714164734
00000053_undistorted_crop.jpg -4.04155015945 -0.450600147247 4.71624994278
00000054_undistorted_crop.jpg -4.2483997345 -0.378446102142 5.00781917572
00000055_undistorted_crop.jpg -4.45692205429 -0.318657040596 5.33364534378
00000056_undistorted_crop.jpg -4.6860833168 -0.29892206192 5.62868785858
00000057_undistorted_crop.jpg -4.9293961525 -0.327401280403 5.93464374542
00000058_undistorted_crop.jpg -5.10607624054 -0.380999922752 6.20985507965
00000059_undistorted_crop.jpg -5.25107765198 -0.426224589348 6.49038076401
00000060_undistorted_crop.jpg -5.33132505417 -0.450377702713 6.72216367722
00000061_undistorted_crop.jpg -5.39927959442 -0.417439937592 6.98653936386
00000062_undistorted_crop.jpg -5.46622943878 -0.359879374504 7.2685379982
00000063_undistorted_crop.jpg -5.44433784485 -0.306563794613 7.55701303482
00000064_undistorted_crop.jpg -5.49538803101 -0.236805975437 8.09142875671
00000065_undistorted_crop.jpg -5.5303478241 -0.229973167181 8.59689807892
00000066_undistorted_crop.jpg -5.56589126587 -0.291550248861 8.90662574768
00000067_undistorted_crop.jpg -5.61592197418 -0.332498252392 9.15381813049
00000068_undistorted_crop.jpg -5.59865379333 -0.390414118767 9.28353309631
00000069_undistorted_crop.jpg -5.51078605652 -0.440231502056 9.38659477234
00000070_undistorted_crop.jpg -5.47538423538 -0.471389710903 9.44623088837
00000071_undistorted_crop.jpg -5.54567146301 -0.44985255599 9.51141357422
00000072_undistorted_crop.jpg -5.49285030365 -0.461171448231 9.51820755005
00000073_undistorted_crop.jpg -5.48009586334 -0.437012791634 9.5193605423
00000074_undistorted_crop.jpg -5.45900583267 -0.39177185297 9.49933242798
00000075_undistorted_crop.jpg -5.43020915985 -0.386400043964 9.4638710022
00000076_undistorted_crop.jpg -5.40996217728 -0.373575568199 9.41718864441
00000077_undistorted_crop.jpg -5.36593484879 -0.387318253517 9.36402893066
00000078_undistorted_crop.jpg -5.37225580215 -0.384508013725 9.30338287354
00000079_undistorted_crop.jpg -5.36863994598 -0.380657076836 9.22177124023
00000080_undistorted_crop.jpg -5.21808338165 -0.413520634174 9.04612159729
00000081_undistorted_crop.jpg -5.41436100006 -0.407276451588 9.07239151001
00000082_undistorted_crop.jpg -5.55348587036 -0.419185042381 9.11586666107
00000083_undistorted_crop.jpg -5.56399917603 -0.417256236076 9.13953590393
00000084_undistorted_crop.jpg -5.58814811707 -0.414824754 9.15377807617
00000085_undistorted_crop.jpg -5.60568618774 -0.414299994707 9.16794586182
00000086_undistorted_crop.jpg -5.60043048859 -0.414721786976 9.18454265594
00000087_undistorted_crop.jpg -5.60273361206 -0.415753126144 9.19691562653
00000088_undistorted_crop.jpg -5.61629962921 -0.417220503092 9.20001983643
00000089_undistorted_crop.jpg -5.61954545975 -0.416166365147 9.19865512848
00000090_undistorted_crop.jpg -5.61387825012 -0.41619104147 9.19348907471
00000091_undistorted_crop.jpg -5.61828613281 -0.416841566563 9.18160057068
00000092_undistorted_crop.jpg -5.62040472031 -0.415864169598 9.16782855988
00000093_undistorted_crop.jpg -5.63450241089 -0.419404089451 9.15320587158
00000094_undistorted_crop.jpg -5.61145114899 -0.416181087494 9.13451862335
00000095_undistorted_crop.jpg -5.63080596924 -0.415964782238 9.11245441437
00000096_undistorted_crop.jpg -5.61243009567 -0.415677368641 9.08617019653
00000097_undistorted_crop.jpg -5.61813545227 -0.416489720345 9.05560493469
00000098_undistorted_crop.jpg -5.67670059204 -0.39873278141 9.07168388367
00000099_undistorted_crop.jpg -5.6943860054 -0.397294521332 9.06833076477
00000100_undistorted_crop.jpg -5.73096466064 -0.405505180359 9.08114337921
00000101_undistorted_crop.jpg -5.76960802078 -0.384148836136 9.18577575684
00000102_undistorted_crop.jpg -5.78471136093 -0.388899803162 9.36160850525
00000103_undistorted_crop.jpg -5.78503894806 -0.388911008835 9.36200237274
00000104_undistorted_crop.jpg -5.76847267151 -0.387907266617 9.34965896606
00000105_undistorted_crop.jpg -5.76561498642 -0.381790161133 9.57279586792
00000106_undistorted_crop.jpg -5.74627256393 -0.382629871368 9.56451797485
00000107_undistorted_crop.jpg -5.72898817062 -0.386229515076 9.55726909637
00000108_undistorted_crop.jpg -5.72459363937 -0.38502407074 9.55759048462
00000109_undistorted_crop.jpg -5.78976631165 -0.461618900299 9.64684200287
00000110_undistorted_crop.jpg -5.8146739006 -0.456093788147 9.64137077332
00000111_undistorted_crop.jpg -5.87821865082 -0.493291378021 9.64108943939
00000112_undistorted_crop.jpg -5.90100479126 -0.381546974182 9.78723335266
00000113_undistorted_crop.jpg -5.96164274216 -0.363304615021 9.74819755554
00000114_undistorted_crop.jpg -5.85875415802 -0.584596157074 9.35962677002
00000115_undistorted_crop.jpg -5.87584733963 -0.53392803669 9.51484584808
00000116_undistorted_crop.jpg -5.80215263367 -0.418167591095 9.57590961456
00000117_undistorted_crop.jpg -5.76808166504 -0.417696326971 9.63127708435
00000118_undistorted_crop.jpg -5.77294826508 -0.491992801428 9.60008525848
00000119_undistorted_crop.jpg -5.50328445435 -0.462454855442 9.49971866608
00000120_undistorted_crop.jpg -5.28816652298 -0.475291550159 9.38710308075
00000121_undistorted_crop.jpg -4.98906469345 -0.478112816811 9.22179031372
00000122_undistorted_crop.jpg -4.7005906105 -0.508305430412 9.04406833649
00000123_undistorted_crop.jpg -4.44148874283 -0.546902656555 8.87724018097
00000124_undistorted_crop.jpg -4.18991661072 -0.551189899445 8.75570297241
00000125_undistorted_crop.jpg -3.95054101944 -0.547140240669 8.661028862
00000126_undistorted_crop.jpg -3.68161821365 -0.533227801323 8.58360004425
00000127_undistorted_crop.jpg -3.39120817184 -0.508982539177 8.53017044067
00000128_undistorted_crop.jpg -3.09797739983 -0.461672902107 8.5039691925
00000129_undistorted_crop.jpg -2.81091117859 -0.422457814217 8.54781246185
00000130_undistorted_crop.jpg -2.51014375687 -0.380454182625 8.60974979401
00000131_undistorted_crop.jpg -2.25794863701 -0.400402963161 8.67937660217
00000132_undistorted_crop.jpg -2.01644897461 -0.414340674877 8.69804477692
00000133_undistorted_crop.jpg -1.80960202217 -0.424971044064 8.68293380737
00000134_undistorted_crop.jpg -1.5925552845 -0.409022539854 8.67189979553
00000135_undistorted_crop.jpg -1.37054693699 -0.373409539461 8.64321994781
00000136_undistorted_crop.jpg -1.15165042877 -0.329343378544 8.59749794006
00000137_undistorted_crop.jpg -0.785215675831 -0.262210845947 8.45580196381
00000138_undistorted_crop.jpg -0.248332381248 -0.16774725914 8.35806465149
00000139_undistorted_crop.jpg 0.0889208316803 -0.208784103394 8.26594352722
00000140_undistorted_crop.jpg 0.42569231987 -0.213535904884 8.23478984833
00000141_undistorted_crop.jpg 0.734812021255 -0.198622465134 8.2605676651
00000142_undistorted_crop.jpg 1.01138925552 -0.183765172958 8.38218402863
00000143_undistorted_crop.jpg 1.25067138672 -0.133300065994 8.52900123596
00000144_undistorted_crop.jpg 1.43891525269 -0.0905623435974 8.76912498474
00000145_undistorted_crop.jpg 1.55833053589 -0.0711758136749 9.02511978149
00000146_undistorted_crop.jpg 1.69438314438 -0.0484719276428 9.23638153076
00000147_undistorted_crop.jpg 1.8252491951 -0.0810120105743 9.40427970886
00000148_undistorted_crop.jpg 1.96832251549 -0.104702949524 9.57640266418
00000149_undistorted_crop.jpg 2.12740492821 -0.100482940674 9.72447395325
00000150_undistorted_crop.jpg 2.28745985031 -0.0825600624084 9.87623786926
00000151_undistorted_crop.jpg 2.49346613884 -0.109436511993 9.94542312622
00000152_undistorted_crop.jpg 2.76644635201 -0.0912804603577 10.0684452057
00000153_undistorted_crop.jpg 3.01177501678 -0.0881638526917 10.2081260681
00000154_undistorted_crop.jpg 3.20196318626 -0.0783162117004 10.3252544403
00000155_undistorted_crop.jpg 3.32657623291 -0.0714502334595 10.4146709442
00000156_undistorted_crop.jpg 3.40296936035 -0.0658755302429 10.4622364044
00000157_undistorted_crop.jpg 3.46313524246 -0.0427751541138 10.4910011292
00000158_undistorted_crop.jpg 3.50067138672 -0.0307078361511 10.4663314819
00000159_undistorted_crop.jpg 3.5060942173 -0.0296292304993 10.4337682724
00000160_undistorted_crop.jpg 3.50571608543 -0.0437331199646 10.3786945343
00000161_undistorted_crop.jpg 3.46955776215 -0.052001953125 10.3228702545
00000162_undistorted_crop.jpg 3.4305896759 -0.075834274292 10.2641086578
00000163_undistorted_crop.jpg 3.39408302307 -0.0951671600342 10.1973628998
00000164_undistorted_crop.jpg 3.35911893845 -0.0975542068481 10.1509017944
00000165_undistorted_crop.jpg 3.32214236259 -0.106466770172 10.1040697098
00000166_undistorted_crop.jpg 3.29035925865 -0.115335464478 10.0688171387
00000167_undistorted_crop.jpg 3.27399396896 -0.121697902679 10.0408973694
00000168_undistorted_crop.jpg 3.26880836487 -0.128395557404 10.0253181458
00000169_undistorted_crop.jpg 3.27460765839 -0.126626491547 10.0348424911
00000170_undistorted_crop.jpg 3.28803753853 -0.118625640869 10.0443916321
00000171_undistorted_crop.jpg 3.30561375618 -0.11681842804 10.0587825775
00000172_undistorted_crop.jpg 3.30347442627 -0.112861633301 10.0775337219
00000173_undistorted_crop.jpg 3.29015254974 -0.107841491699 10.0926399231
00000174_undistorted_crop.jpg 3.28838562965 -0.106468200684 10.0895957947
00000175_undistorted_crop.jpg 3.27924799919 -0.11056137085 10.0813236237
00000176_undistorted_crop.jpg 3.27640843391 -0.112785816193 10.0650234222
00000177_undistorted_crop.jpg 3.28458452225 -0.122178077698 10.0382099152
00000178_undistorted_crop.jpg 3.2772731781 -0.131505012512 10.0253734589
00000179_undistorted_crop.jpg 3.27653837204 -0.135335445404 10.0036087036
00000180_undistorted_crop.jpg 3.27094936371 -0.141629695892 9.99931335449
00000181_undistorted_crop.jpg 3.26088237762 -0.143003463745 9.98295021057
00000182_undistorted_crop.jpg 3.25316762924 -0.139794826508 9.98368453979
00000183_undistorted_crop.jpg 3.25039243698 -0.143962860107 9.98400688171
00000184_undistorted_crop.jpg 3.24470162392 -0.139504909515 9.97930335999
00000185_undistorted_crop.jpg 3.23297142982 -0.138150215149 9.98921203613
00000186_undistorted_crop.jpg 3.23255157471 -0.12793636322 9.99278831482
00000187_undistorted_crop.jpg 3.21721124649 -0.126090049744 10.0087223053
00000188_undistorted_crop.jpg 3.19027376175 -0.122156620026 10.0106735229
00000189_undistorted_crop.jpg 3.16575717926 -0.11212015152 10.0231494904
00000190_undistorted_crop.jpg 3.13996887207 -0.103748321533 10.0268802643
00000191_undistorted_crop.jpg 3.11881542206 -0.0974621772766 10.0225219727
00000192_undistorted_crop.jpg 3.09150195122 -0.0804963111877 10.0158481598
00000193_undistorted_crop.jpg 3.09276008606 -0.0701694488525 10.0077629089
00000194_undistorted_crop.jpg 3.04709672928 -0.0837545394897 10.0018100739
00000195_undistorted_crop.jpg 3.04188871384 -0.0788879394531 9.9900226593
00000196_undistorted_crop.jpg 3.02936935425 -0.0790495872498 9.97133255005
00000197_undistorted_crop.jpg 3.00389289856 -0.0742011070251 9.99491500854
00000198_undistorted_crop.jpg 2.99718523026 -0.06818151474 9.99215888977
00000199_undistorted_crop.jpg 2.98774194717 -0.0609483718872 9.99962425232
00000200_undistorted_crop.jpg 2.99291419983 -0.05979347229 9.99395656586
00000201_undistorted_crop.jpg 2.99717664719 -0.0637917518616 9.98782920837
00000202_undistorted_crop.jpg 3.03151988983 -0.071795463562 9.98287010193
00000203_undistorted_crop.jpg 3.06057882309 -0.0723023414612 9.98437976837
00000204_undistorted_crop.jpg 3.08146476746 -0.0903482437134 9.98450469971
00000205_undistorted_crop.jpg 3.08595275879 -0.0899052619934 9.9949131012
00000206_undistorted_crop.jpg 3.09071826935 -0.0888314247131 9.99281597137
00000207_undistorted_crop.jpg 3.09530329704 -0.0976405143738 9.99078178406
00000208_undistorted_crop.jpg 3.10164213181 -0.0940599441528 9.98999595642
00000209_undistorted_crop.jpg 3.10437631607 -0.105364322662 9.97786521912
00000210_undistorted_crop.jpg 3.10801482201 -0.106692790985 9.97847557068
00000211_undistorted_crop.jpg 3.11433124542 -0.108992099762 9.97709465027
00000212_undistorted_crop.jpg 3.12385940552 -0.109293937683 9.97052097321
00000213_undistorted_crop.jpg 3.11875009537 -0.101315498352 9.980717659
00000214_undistorted_crop.jpg 3.11707472801 -0.1073179245 9.97332000732
00000215_undistorted_crop.jpg 3.11638951302 -0.108009338379 9.96913051605
00000216_undistorted_crop.jpg 3.10591721535 -0.107135295868 9.9641418457
00000217_undistorted_crop.jpg 3.10116887093 -0.103387355804 9.97675609589
00000218_undistorted_crop.jpg 3.08037734032 -0.0971646308899 9.96924972534
00000219_undistorted_crop.jpg 3.05904102325 -0.0963940620422 9.97713661194
00000220_undistorted_crop.jpg 3.046189785 -0.0904231071472 9.98238372803
00000221_undistorted_crop.jpg 3.02188014984 -0.0879755020142 9.97888755798
00000222_undistorted_crop.jpg 3.01467609406 -0.0910892486572 9.97000312805
00000223_undistorted_crop.jpg 3.0315823555 -0.106307506561 9.92227840424
00000224_undistorted_crop.jpg 3.03084373474 -0.0999827384949 9.92221164703
00000225_undistorted_crop.jpg 3.02343845367 -0.0904932022095 9.92683887482
00000226_undistorted_crop.jpg 3.01620817184 -0.0996384620667 9.92280960083
00000227_undistorted_crop.jpg 3.02615714073 -0.0847115516663 9.92798042297
00000228_undistorted_crop.jpg 3.01678800583 -0.0918898582458 9.9301700592
00000229_undistorted_crop.jpg 3.04198026657 -0.0929851531982 9.94132995605
00000230_undistorted_crop.jpg 3.06402397156 -0.113773345947 9.9508266449
00000231_undistorted_crop.jpg 3.11563682556 -0.119858264923 9.96608352661
00000232_undistorted_crop.jpg 3.20388460159 -0.1320104599 9.97588729858
00000233_undistorted_crop.jpg 3.29169917107 -0.14146900177 10.0070343018
00000234_undistorted_crop.jpg 3.37691164017 -0.143260478973 10.069858551
00000235_undistorted_crop.jpg 3.48368811607 -0.142403125763 10.1094026566
00000236_undistorted_crop.jpg 3.56097221375 -0.151343822479 10.165512085
00000237_undistorted_crop.jpg 3.67875576019 -0.136121749878 10.191906929
00000238_undistorted_crop.jpg 3.73999071121 -0.134477138519 10.2232275009
00000239_undistorted_crop.jpg 3.77610874176 -0.138285636902 10.2459192276
00000240_undistorted_crop.jpg 3.79807281494 -0.115508079529 10.2844676971
00000241_undistorted_crop.jpg 3.7735645771 -0.134731292725 10.2953987122
00000242_undistorted_crop.jpg 3.72329640388 -0.127264022827 10.3176078796
00000243_undistorted_crop.jpg 3.67835235596 -0.139245510101 10.2950611115
00000244_undistorted_crop.jpg 3.60850548744 -0.147630214691 10.2692632675
00000245_undistorted_crop.jpg 3.49319553375 -0.167476177216 10.2175674438
00000246_undistorted_crop.jpg 3.35034537315 -0.15278673172 10.1647338867
00000247_undistorted_crop.jpg 3.17451167107 -0.155283927917 10.0730609894
00000248_undistorted_crop.jpg 2.98301887512 -0.105351924896 9.98575019836
00000249_undistorted_crop.jpg 2.75494861603 -0.0921773910522 9.90967750549
00000250_undistorted_crop.jpg 2.87575316429 0.138631343842 9.82274913788
00000251_undistorted_crop.jpg 2.78939795494 0.00511145591736 9.41780185699
00000252_undistorted_crop.jpg 2.21160984039 0.102245211601 9.1417388916
00000253_undistorted_crop.jpg 1.93158459663 0.100364685059 8.93673324585
00000254_undistorted_crop.jpg 1.71153390408 0.0818403959274 8.74283218384
00000255_undistorted_crop.jpg 1.48786664009 0.0931323766708 8.61261367798
00000256_undistorted_crop.jpg 1.25635111332 0.11111292243 8.52169895172
00000257_undistorted_crop.jpg 1.02774262428 0.118692263961 8.46148395538
00000258_undistorted_crop.jpg 0.794358491898 0.135136842728 8.47301101685
00000259_undistorted_crop.jpg 0.532448172569 0.12863728404 8.53195762634
00000260_undistorted_crop.jpg 0.244583949447 0.11890398711 8.64221096039
00000261_undistorted_crop.jpg -0.0947982370853 0.0452722012997 8.78517150879
00000262_undistorted_crop.jpg -0.360284328461 -0.0160140693188 8.91724491119
00000263_undistorted_crop.jpg -0.641583740711 -0.0460708588362 8.98440170288
00000264_undistorted_crop.jpg -0.958965063095 -0.0492383986712 8.99587631226
00000265_undistorted_crop.jpg -1.2404384613 -0.0476467013359 8.95301914215
00000266_undistorted_crop.jpg -1.50775170326 -0.036529764533 8.88687515259
00000267_undistorted_crop.jpg -1.79999494553 -0.00325490534306 8.75875759125
00000268_undistorted_crop.jpg -2.08545875549 0.0139856487513 8.59561729431
00000269_undistorted_crop.jpg -2.33196520805 -0.00397264957428 8.42383861542
00000270_undistorted_crop.jpg -2.59785985947 -0.0487538278103 8.27989673615
00000271_undistorted_crop.jpg -2.8533000946 -0.082764685154 8.15727519989
00000272_undistorted_crop.jpg -3.10204386711 -0.0923528969288 8.05950260162
00000273_undistorted_crop.jpg -3.37076282501 -0.0824082791805 7.97334051132
00000274_undistorted_crop.jpg -3.67562866211 -0.0623329877853 7.87789678574
00000275_undistorted_crop.jpg -3.97787809372 -0.0253973603249 7.81255245209
00000276_undistorted_crop.jpg -4.27385234833 -0.0717343688011 7.78718519211
00000277_undistorted_crop.jpg -4.54387760162 -0.141581296921 7.74983692169
00000278_undistorted_crop.jpg -4.82261228561 -0.167426168919 7.66736268997
00000279_undistorted_crop.jpg -5.08185005188 -0.191449522972 7.54402923584
00000280_undistorted_crop.jpg -5.30580997467 -0.195874452591 7.39809608459
00000281_undistorted_crop.jpg -5.52788114548 -0.17508494854 7.22393417358
00000282_undistorted_crop.jpg -5.76101016998 -0.124220132828 7.00599479675
00000283_undistorted_crop.jpg -5.92426252365 -0.11250603199 6.81339502335
00000284_undistorted_crop.jpg -6.07040548325 -0.146743535995 6.64061594009
00000285_undistorted_crop.jpg -6.26196956635 -0.189476013184 6.47712945938
00000286_undistorted_crop.jpg -6.43539619446 -0.234556436539 6.35587024689
00000287_undistorted_crop.jpg -6.59958457947 -0.267742872238 6.2257642746
00000288_undistorted_crop.jpg -6.76655387878 -0.259666919708 6.11157941818
00000289_undistorted_crop.jpg -6.97957897186 -0.214448928833 6.04398155212
00000290_undistorted_crop.jpg -7.21842479706 -0.234760761261 5.99658346176
00000291_undistorted_crop.jpg -7.46072912216 -0.242285966873 5.9645652771
00000292_undistorted_crop.jpg -7.63683652878 -0.256465196609 5.91419744492
00000293_undistorted_crop.jpg -7.80439090729 -0.268694877625 5.8725976944
00000294_undistorted_crop.jpg -7.88957881927 -0.287738084793 5.79631853104
00000295_undistorted_crop.jpg -8.01196098328 -0.26686835289 5.76973009109
00000296_undistorted_crop.jpg -8.07057380676 -0.274930715561 5.72649288177
00000297_undistorted_crop.jpg -8.09768104553 -0.2726521492 5.68207883835
00000298_undistorted_crop.jpg -8.09637260437 -0.265370368958 5.64805030823
00000299_undistorted_crop.jpg -8.06203174591 -0.257688045502 5.59527873993
00000300_undistorted_crop.jpg -8.03104782104 -0.268171787262 5.52666139603
00000301_undistorted_crop.jpg -8.01364517212 -0.260631084442 5.47427129745
00000302_undistorted_crop.jpg -7.97830677032 -0.252110004425 5.42726135254
00000303_undistorted_crop.jpg -7.95625209808 -0.249663829803 5.35489940643
00000304_undistorted_crop.jpg -7.93630027771 -0.224103450775 5.33992576599
00000305_undistorted_crop.jpg -7.89511108398 -0.231285095215 5.30573558807
00000306_undistorted_crop.jpg -7.85355615616 -0.239637374878 5.25399684906
00000307_undistorted_crop.jpg -7.85445404053 -0.215767383575 5.25925064087
00000308_undistorted_crop.jpg -7.8449010849 -0.224729061127 5.22125530243
00000309_undistorted_crop.jpg -7.82278442383 -0.23441362381 5.20802879333
00000310_undistorted_crop.jpg -7.82781839371 -0.222038269043 5.19199085236
00000311_undistorted_crop.jpg -7.84033727646 -0.213557720184 5.19180202484
00000312_undistorted_crop.jpg -7.8321852684 -0.221198558807 5.18767547607
00000313_undistorted_crop.jpg -7.83894395828 -0.216840267181 5.18848657608
00000314_undistorted_crop.jpg -7.84038496017 -0.214078426361 5.19229745865
00000315_undistorted_crop.jpg -7.83960723877 -0.214771747589 5.19275331497
00000316_undistorted_crop.jpg -7.83490991592 -0.218083381653 5.19174575806
00000317_undistorted_crop.jpg -7.83279657364 -0.217495918274 5.19467496872
00000318_undistorted_crop.jpg -7.82896232605 -0.219219684601 5.19433879852
00000319_undistorted_crop.jpg -7.82702207565 -0.220079898834 5.19402980804
00000320_undistorted_crop.jpg -7.82590484619 -0.220851421356 5.19357681274
00000321_undistorted_crop.jpg -7.82512331009 -0.221744060516 5.19355010986
00000322_undistorted_crop.jpg -7.82470560074 -0.222458362579 5.19441080093
00000323_undistorted_crop.jpg -7.82449197769 -0.223090171814 5.19496440887
00000324_undistorted_crop.jpg -7.82471656799 -0.222955226898 5.1947312355
00000325_undistorted_crop.jpg -7.82574367523 -0.222476959229 5.19457912445
00000326_undistorted_crop.jpg -7.82655715942 -0.222784519196 5.19465255737
00000327_undistorted_crop.jpg -7.82660913467 -0.223019123077 5.19437170029
00000328_undistorted_crop.jpg -7.82638835907 -0.223353385925 5.19424629211
00000329_undistorted_crop.jpg -7.82611274719 -0.22317647934 5.19423007965
00000330_undistorted_crop.jpg -7.82522106171 -0.223220348358 5.19400262833
00000331_undistorted_crop.jpg -7.82499504089 -0.223122596741 5.19415235519
00000332_undistorted_crop.jpg -7.82522630692 -0.223394870758 5.19498348236
00000333_undistorted_crop.jpg -7.82547616959 -0.223611831665 5.19511651993
00000334_undistorted_crop.jpg -7.82562112808 -0.223651885986 5.19496250153
00000335_undistorted_crop.jpg -7.82564353943 -0.223245620728 5.19497299194
00000336_undistorted_crop.jpg -7.82532978058 -0.223213672638 5.19507217407
00000337_undistorted_crop.jpg -7.82629060745 -0.223709106445 5.19525051117
00000338_undistorted_crop.jpg -7.82989311218 -0.22282075882 5.19598197937
00000339_undistorted_crop.jpg -7.83416223526 -0.222924232483 5.19670581818
00000340_undistorted_crop.jpg -7.85146903992 -0.214983463287 5.20260047913
00000341_undistorted_crop.jpg -7.85122728348 -0.216811180115 5.20058584213
00000342_undistorted_crop.jpg -7.85532951355 -0.208175182343 5.20991802216
00000343_undistorted_crop.jpg -7.87303066254 -0.210263252258 5.21490097046
00000344_undistorted_crop.jpg -7.87331867218 -0.211792945862 5.23045969009
00000345_undistorted_crop.jpg -7.8464884758 -0.2248878479 5.19691181183
00000346_undistorted_crop.jpg -7.85117483139 -0.217594623566 5.20000076294
00000347_undistorted_crop.jpg -7.85519552231 -0.231497764587 5.18834877014
00000348_undistorted_crop.jpg -7.89306259155 -0.216624736786 5.14065694809
00000349_undistorted_crop.jpg -7.91839885712 -0.210560321808 5.09272766113
00000350_undistorted_crop.jpg -7.90558385849 -0.236052513123 5.06406497955
00000351_undistorted_crop.jpg -7.90664672852 -0.260763645172 5.10517120361
00000352_undistorted_crop.jpg -7.84775066376 -0.308977127075 5.12818431854
00000353_undistorted_crop.jpg -7.76434135437 -0.340093135834 5.19707202911
00000354_undistorted_crop.jpg -7.66186094284 -0.364593505859 5.26473236084
00000355_undistorted_crop.jpg -7.5238866806 -0.394483804703 5.3067111969
00000356_undistorted_crop.jpg -7.36712741852 -0.424810647964 5.37687206268
00000357_undistorted_crop.jpg -7.17112922668 -0.450762748718 5.41489219666
00000358_undistorted_crop.jpg -6.92289543152 -0.445280432701 5.43876934052
00000359_undistorted_crop.jpg -6.68103313446 -0.450795650482 5.49770307541
00000360_undistorted_crop.jpg -6.39169025421 -0.495838999748 5.51274299622
00000361_undistorted_crop.jpg -6.14188480377 -0.538025736809 5.54322004318
00000362_undistorted_crop.jpg -5.90924263 -0.574569821358 5.53558921814
00000363_undistorted_crop.jpg -5.77110481262 -0.723800420761 5.47085571289
00000364_undistorted_crop.jpg -5.62836551666 -0.521500170231 5.5889749527
00000365_undistorted_crop.jpg -5.80885267258 -0.703852176666 5.51272821426
00000366_undistorted_crop.jpg -5.87696933746 -0.632710635662 5.55260705948
00000367_undistorted_crop.jpg -5.74189424515 -0.605852723122 5.73436832428
00000368_undistorted_crop.jpg -5.79479217529 -0.671081185341 5.84086084366
00000369_undistorted_crop.jpg -5.59191513062 -0.604964852333 5.97416257858
00000370_undistorted_crop.jpg -5.68521738052 -0.635897278786 6.15211582184
00000371_undistorted_crop.jpg -5.69053602219 -0.648267388344 6.31182479858
00000372_undistorted_crop.jpg -5.65198326111 -0.66423869133 6.46119070053
00000373_undistorted_crop.jpg -5.68887329102 -0.67498087883 6.5860991478
00000374_undistorted_crop.jpg -5.65765190125 -0.686413526535 6.65023517609
00000375_undistorted_crop.jpg -5.64339733124 -0.686057806015 6.68164157867
00000376_undistorted_crop.jpg -5.6475186348 -0.703860759735 6.72271680832
00000377_undistorted_crop.jpg -5.66322422028 -0.718830108643 6.76520967484
00000378_undistorted_crop.jpg -5.68412971497 -0.729331254959 6.7774643898
00000379_undistorted_crop.jpg -5.75474739075 -0.748212099075 6.75247383118
00000380_undistorted_crop.jpg -5.76037597656 -0.764783620834 6.65143585205
00000381_undistorted_crop.jpg -5.83941078186 -0.795836925507 6.55035686493
00000382_undistorted_crop.jpg -5.92219018936 -0.824456691742 6.40366506577
00000383_undistorted_crop.jpg -5.98384284973 -0.820160627365 6.21173381805
00000384_undistorted_crop.jpg -6.16286420822 -0.837878704071 6.02810573578
00000385_undistorted_crop.jpg -6.34024047852 -0.852553844452 5.83616638184
00000386_undistorted_crop.jpg -6.50601196289 -0.85858464241 5.63048028946
00000387_undistorted_crop.jpg -6.64882659912 -0.87350153923 5.46341323853
00000388_undistorted_crop.jpg -6.75579595566 -0.893652200699 5.34708690643
00000389_undistorted_crop.jpg -6.81747770309 -0.918333292007 5.21914577484
00000390_undistorted_crop.jpg -6.92117118835 -0.944690465927 5.12075948715
00000391_undistorted_crop.jpg -6.91628313065 -0.931026220322 5.04738283157
00000392_undistorted_crop.jpg -6.9412279129 -0.958505630493 4.98000383377
00000393_undistorted_crop.jpg -6.9244852066 -0.982319831848 4.96611213684
00000394_undistorted_crop.jpg -6.83281087875 -0.991119503975 4.92959117889
00000395_undistorted_crop.jpg -6.78976726532 -1.01062643528 4.95527505875
00000396_undistorted_crop.jpg -6.71556615829 -1.01248562336 4.97982168198
00000397_undistorted_crop.jpg -6.66492652893 -1.04014611244 5.01459503174
00000398_undistorted_crop.jpg -6.56892871857 -1.03760492802 5.0841217041
00000399_undistorted_crop.jpg -6.44362020493 -1.05495643616 5.16382026672
00000400_undistorted_crop.jpg -6.33970737457 -1.08195257187 5.26010131836
00000401_undistorted_crop.jpg -6.21811676025 -1.08163356781 5.35819578171
00000402_undistorted_crop.jpg -6.11709547043 -1.06881511211 5.46526575089
00000403_undistorted_crop.jpg -5.99673175812 -1.05420207977 5.54407501221
00000404_undistorted_crop.jpg -5.96370029449 -1.05986976624 5.63900756836
00000405_undistorted_crop.jpg -5.93960571289 -1.06478857994 5.71428346634
00000406_undistorted_crop.jpg -5.9937338829 -1.07906901836 5.79559612274
00000407_undistorted_crop.jpg -6.21751308441 -1.12772417068 5.92262220383
00000408_undistorted_crop.jpg -6.17397975922 -1.09177958965 5.82987976074
00000409_undistorted_crop.jpg -6.13031244278 -1.03434491158 5.68824863434
00000410_undistorted_crop.jpg -6.36923360825 -1.03650581837 5.64793014526
00000411_undistorted_crop.jpg -6.5173830986 -1.03522920609 5.50172662735
00000412_undistorted_crop.jpg -6.75265693665 -1.00955617428 5.38746833801
00000413_undistorted_crop.jpg -6.76441669464 -1.02405953407 5.27171421051
00000414_undistorted_crop.jpg -6.81472063065 -0.970278859138 5.1182923317
00000415_undistorted_crop.jpg -6.94746303558 -0.902945756912 4.89458608627
00000416_undistorted_crop.jpg -7.00549221039 -0.816713094711 4.80737733841
00000417_undistorted_crop.jpg -7.02271175385 -0.695335924625 4.74024009705
00000418_undistorted_crop.jpg -7.25679445267 -0.647976577282 4.45524215698
00000419_undistorted_crop.jpg -6.4643201828 -0.448627948761 4.89527750015
00000420_undistorted_crop.jpg -6.43810796738 -0.539015889168 5.03547239304
00000421_undistorted_crop.jpg -6.53744935989 -0.538048624992 5.22392940521
00000422_undistorted_crop.jpg -6.74854135513 -0.508731484413 5.3047003746
00000423_undistorted_crop.jpg -6.96438407898 -0.481448531151 5.42706203461
00000424_undistorted_crop.jpg -7.17689275742 -0.464293241501 5.5025177002
00000425_undistorted_crop.jpg -7.33868932724 -0.412636041641 5.59668207169
00000426_undistorted_crop.jpg -7.46177768707 -0.369071245193 5.6188750267
00000427_undistorted_crop.jpg -7.59846162796 -0.370801925659 5.6127038002
00000428_undistorted_crop.jpg -7.68461990356 -0.355421543121 5.62018060684
00000429_undistorted_crop.jpg -7.76937055588 -0.322859764099 5.69465732574
00000430_undistorted_crop.jpg -7.81026554108 -0.302829742432 5.75075531006
00000431_undistorted_crop.jpg -7.81213188171 -0.289575099945 5.80159759521
00000432_undistorted_crop.jpg -7.78943300247 -0.262006759644 5.87074422836
00000433_undistorted_crop.jpg -7.77962684631 -0.230812072754 5.96363449097
00000434_undistorted_crop.jpg -7.7748541832 -0.242824554443 6.02412033081
00000435_undistorted_crop.jpg -7.79356718063 -0.234530448914 6.07537508011
00000436_undistorted_crop.jpg -7.78771400452 -0.281603336334 6.08783340454
00000437_undistorted_crop.jpg -7.81572055817 -0.273348093033 6.08722543716
00000438_undistorted_crop.jpg -7.82728481293 -0.291729927063 6.02813625336
00000439_undistorted_crop.jpg -7.84774780273 -0.301234722137 5.95592594147
00000440_undistorted_crop.jpg -7.8819437027 -0.285475730896 5.87501144409
00000441_undistorted_crop.jpg -7.90628433228 -0.281090736389 5.75038433075
00000442_undistorted_crop.jpg -7.95323181152 -0.269592761993 5.62295341492
00000443_undistorted_crop.jpg -8.00838470459 -0.251375675201 5.51481056213
00000444_undistorted_crop.jpg -8.05699253082 -0.234455108643 5.43176698685
00000445_undistorted_crop.jpg -8.08586215973 -0.230820655823 5.36281585693
00000446_undistorted_crop.jpg -8.10778045654 -0.233616828918 5.32125902176
00000447_undistorted_crop.jpg -8.11517715454 -0.237242221832 5.28716182709
00000448_undistorted_crop.jpg -8.12965393066 -0.226876735687 5.26389503479
00000449_undistorted_crop.jpg -8.13653278351 -0.231630802155 5.2582321167
00000450_undistorted_crop.jpg -8.14874839783 -0.243180274963 5.24866867065
00000451_undistorted_crop.jpg -8.16633796692 -0.250249385834 5.24782085419
00000452_undistorted_crop.jpg -8.17712879181 -0.246402263641 5.25028991699
00000453_undistorted_crop.jpg -8.15748405457 -0.263976097107 5.29207658768
00000454_undistorted_crop.jpg -8.10817337036 -0.284398078918 5.35103940964
00000455_undistorted_crop.jpg -8.02481460571 -0.30804681778 5.44469499588
00000456_undistorted_crop.jpg -7.90356683731 -0.343278408051 5.55496740341
00000457_undistorted_crop.jpg -7.71252012253 -0.370664596558 5.69704437256
00000458_undistorted_crop.jpg -7.48290061951 -0.368102550507 5.85310077667
00000459_undistorted_crop.jpg -7.24571752548 -0.389454603195 5.99019670486
00000460_undistorted_crop.jpg -7.02478027344 -0.385949850082 6.18482017517
00000461_undistorted_crop.jpg -6.85852479935 -0.400149345398 6.34754562378
00000462_undistorted_crop.jpg -6.73934841156 -0.398396015167 6.50227928162
00000463_undistorted_crop.jpg -6.65058326721 -0.389527082443 6.66081762314
00000464_undistorted_crop.jpg -6.60918283463 -0.37258887291 6.83754348755
00000465_undistorted_crop.jpg -6.61046791077 -0.361373901367 7.03594589233
00000466_undistorted_crop.jpg -6.69005727768 -0.336872339249 7.19585037231
00000467_undistorted_crop.jpg -6.83804321289 -0.318356990814 7.35180425644
00000468_undistorted_crop.jpg -6.99575328827 -0.333547353745 7.48658418655
00000469_undistorted_crop.jpg -7.11685657501 -0.341196060181 7.58331680298
00000470_undistorted_crop.jpg -7.20999288559 -0.35478925705 7.69809913635
00000471_undistorted_crop.jpg -7.28153419495 -0.363652229309 7.83479213715
00000472_undistorted_crop.jpg -7.33337545395 -0.367902755737 7.98148536682
00000473_undistorted_crop.jpg -7.34467506409 -0.347356319427 8.14035224915
00000474_undistorted_crop.jpg -7.3399438858 -0.328563213348 8.30985069275
00000475_undistorted_crop.jpg -7.32609176636 -0.288125991821 8.52501392365
00000476_undistorted_crop.jpg -7.29234695435 -0.294785499573 8.67462348938
00000477_undistorted_crop.jpg -7.2842373848 -0.303409099579 8.80768013
00000478_undistorted_crop.jpg -7.25549507141 -0.302150726318 8.90434646606
00000479_undistorted_crop.jpg -7.22132110596 -0.314294815063 8.96594905853
00000480_undistorted_crop.jpg -7.18089199066 -0.297610759735 9.01873493195
00000481_undistorted_crop.jpg -7.15764141083 -0.305792808533 9.04607582092
00000482_undistorted_crop.jpg -7.12259626389 -0.318467140198 9.07241344452
00000483_undistorted_crop.jpg -7.09457588196 -0.324501037598 9.07814025879
00000484_undistorted_crop.jpg -7.06524515152 -0.345334529877 9.06309318542
00000485_undistorted_crop.jpg -7.05667209625 -0.3297123909 9.05027580261
00000486_undistorted_crop.jpg -7.04504537582 -0.346128463745 9.02877521515
00000487_undistorted_crop.jpg -7.0215473175 -0.349050521851 9.00211048126
00000488_undistorted_crop.jpg -7.00096988678 -0.340668201447 8.98618030548
00000489_undistorted_crop.jpg -7.06404542923 -0.20726776123 8.93373298645
00000490_undistorted_crop.jpg -6.98996543884 -0.201653718948 8.86620807648
00000491_undistorted_crop.jpg -6.93738079071 -0.179977893829 8.78307056427
00000492_undistorted_crop.jpg -6.87272548676 -0.138257741928 8.68356609344
00000493_undistorted_crop.jpg -6.7322769165 -0.164068698883 8.57253837585
00000494_undistorted_crop.jpg -6.61886835098 -0.148961186409 8.44899368286
00000495_undistorted_crop.jpg -6.5188035965 -0.116071939468 8.30697631836
00000496_undistorted_crop.jpg -6.39529132843 -0.0810257196426 8.15789985657
00000497_undistorted_crop.jpg -6.24148416519 -0.0766214132309 7.99282836914
00000498_undistorted_crop.jpg -6.05181121826 -0.111140847206 7.79598283768
00000499_undistorted_crop.jpg -5.96514034271 -0.112149477005 7.51427650452
00000500_undistorted_crop.jpg -5.68956136703 -0.127551436424 7.4467625618
00000501_undistorted_crop.jpg -5.87945079803 0.35901594162 6.77018928528
00000502_undistorted_crop.jpg -5.92934608459 -1.06870365143 7.24430942535
00000503_undistorted_crop.jpg -5.74231386185 -0.880235433578 7.01936626434
00000504_undistorted_crop.jpg -5.63088130951 -0.692290067673 6.75244808197
00000505_undistorted_crop.jpg -5.55722570419 -0.64933013916 6.46529865265
00000506_undistorted_crop.jpg -5.59740543365 -0.666585683823 6.09579324722
00000507_undistorted_crop.jpg -5.50121545792 -0.708976268768 5.72467136383
00000508_undistorted_crop.jpg -5.37888240814 -0.724964380264 5.45347118378
00000509_undistorted_crop.jpg -5.17315483093 -0.733037233353 5.17722225189
00000510_undistorted_crop.jpg -5.04949998856 -0.740769386292 4.96217727661
00000511_undistorted_crop.jpg -4.88302707672 -0.706656455994 4.77630329132
00000512_undistorted_crop.jpg -4.65356683731 -0.619140625 4.58668613434
00000513_undistorted_crop.jpg -4.42758846283 -0.570205926895 4.43389320374
00000514_undistorted_crop.jpg -4.16012334824 -0.545038938522 4.28637552261
00000515_undistorted_crop.jpg -3.97058534622 -0.568484783173 4.18029022217
00000516_undistorted_crop.jpg -3.78180146217 -0.587241649628 4.07007980347
00000517_undistorted_crop.jpg -3.64787101746 -0.636101722717 3.96565389633
00000518_undistorted_crop.jpg -3.47835898399 -0.642920255661 3.87709999084
00000519_undistorted_crop.jpg -3.31565189362 -0.616005659103 3.79134273529
00000520_undistorted_crop.jpg -3.16960692406 -0.60181581974 3.69423699379
00000521_undistorted_crop.jpg -2.90292143822 -0.542649626732 3.59554243088
00000522_undistorted_crop.jpg -2.65271377563 -0.478859782219 3.47169971466
00000523_undistorted_crop.jpg -2.34460496902 -0.355591893196 3.3300948143
00000524_undistorted_crop.jpg -2.06765818596 -0.254901051521 3.18748664856
00000525_undistorted_crop.jpg -1.79781866074 -0.187710851431 3.08641767502
00000526_undistorted_crop.jpg -1.62183129787 -0.144713193178 3.02687120438
00000527_undistorted_crop.jpg -1.4362821579 -0.0632077977061 3.05617189407
00000528_undistorted_crop.jpg -1.43892145157 -0.0668820887804 3.0522043705
00000529_undistorted_crop.jpg -1.43906581402 -0.0633364915848 3.049441576
00000530_undistorted_crop.jpg -1.44965076447 -0.0514302253723 3.06579256058
00000531_undistorted_crop.jpg -1.5017516613 -0.00678658485413 3.08061552048
00000532_undistorted_crop.jpg -1.5402418375 0.0944503545761 3.09656357765
00000533_undistorted_crop.jpg -1.39906275272 0.133580446243 3.24177217484
00000534_undistorted_crop.jpg -1.496104002 0.130784630775 3.13179159164
00000535_undistorted_crop.jpg -1.63606357574 0.280625343323 3.0812497139
00000536_undistorted_crop.jpg -1.80433344841 0.561788618565 3.06589913368
00000537_undistorted_crop.jpg -1.90642535686 0.883586764336 2.97776031494
00000538_undistorted_crop.jpg -1.99315154552 1.18947553635 2.90529918671
00000539_undistorted_crop.jpg -2.03876066208 1.43684530258 2.80142760277
00000540_undistorted_crop.jpg -2.0291788578 1.64541339874 2.68225884438
00000541_undistorted_crop.jpg -1.95554804802 1.69901001453 2.49995183945
00000542_undistorted_crop.jpg -1.79510211945 1.62223803997 2.20006275177
00000543_undistorted_crop.jpg -1.70437550545 1.64624547958 2.34479022026
00000544_undistorted_crop.jpg -1.7416934967 1.75882363319 2.64722633362
00000545_undistorted_crop.jpg -1.5811958313 1.71101391315 2.47484779358
00000546_undistorted_crop.jpg -1.44890654087 1.71411824226 2.3527765274
00000547_undistorted_crop.jpg -1.33937191963 1.71740555763 2.25571799278
00000548_undistorted_crop.jpg -1.2545889616 1.71263360977 2.17471551895
00000549_undistorted_crop.jpg -1.19432783127 1.70130872726 2.12959909439
00000550_undistorted_crop.jpg -1.1524630785 1.68542671204 2.11134314537
00000551_undistorted_crop.jpg -1.11898422241 1.67309617996 2.09274697304
00000552_undistorted_crop.jpg -1.08491754532 1.63682723045 2.0983080864
00000553_undistorted_crop.jpg -0.851856589317 1.53749120235 1.4361641407
00000554_undistorted_crop.jpg -0.82192504406 1.53213953972 1.47495865822
00000555_undistorted_crop.jpg -0.792751133442 1.55314040184 1.55819118023
00000556_undistorted_crop.jpg -0.785828649998 1.57121253014 1.61894142628
00000557_undistorted_crop.jpg -0.785331308842 1.57526564598 1.6326622963
00000558_undistorted_crop.jpg -0.79315084219 1.57824015617 1.63974058628
00000559_undistorted_crop.jpg -0.804003715515 1.58653903008 1.64217567444
00000560_undistorted_crop.jpg -0.822404682636 1.58747923374 1.63561213017
00000561_undistorted_crop.jpg -0.87041079998 1.60901761055 1.59272158146
00000562_undistorted_crop.jpg -0.963681578636 1.60127079487 1.49647033215
00000563_undistorted_crop.jpg -1.01385831833 1.60565412045 1.46287322044
00000564_undistorted_crop.jpg -1.06711053848 1.65295696259 1.47535204887
00000565_undistorted_crop.jpg -1.08014857769 1.63863170147 1.47953784466
00000566_undistorted_crop.jpg -1.03055846691 1.61460530758 1.47227394581
00000567_undistorted_crop.jpg -0.949306964874 1.65134930611 1.51790928841
00000568_undistorted_crop.jpg -0.924883842468 1.64921975136 1.54833853245
00000569_undistorted_crop.jpg -0.906362712383 1.65569233894 1.57107043266
00000570_undistorted_crop.jpg -0.901280343533 1.65494394302 1.57010340691
00000571_undistorted_crop.jpg -0.911937057972 1.65445697308 1.59696829319
00000572_undistorted_crop.jpg -0.905880153179 1.64317071438 1.57158386707
