00000001_undistorted_crop.jpg 6.24797391891 0.00637257099152 -3.19553613663
00000002_undistorted_crop.jpg 6.25000429153 0.00968766212463 -3.19263029099
00000003_undistorted_crop.jpg 6.23696041107 0.00769555568695 -3.19346475601
00000004_undistorted_crop.jpg 6.23883914948 0.0106769800186 -3.20420265198
00000005_undistorted_crop.jpg 6.2345199585 0.00615203380585 -3.19721412659
00000006_undistorted_crop.jpg 6.21629810333 0.00770342350006 -3.18395471573
00000007_undistorted_crop.jpg 6.19872951508 0.0067652463913 -3.18527793884
00000008_undistorted_crop.jpg 6.20845508575 0.0205575227737 -3.17692255974
00000009_undistorted_crop.jpg 6.16182994843 0.0288214683533 -3.16075634956
00000010_undistorted_crop.jpg 6.13310432434 0.0174851417542 -3.14113998413
00000011_undistorted_crop.jpg 6.1367149353 0.0412663221359 -3.07717514038
00000012_undistorted_crop.jpg 6.14433717728 0.0747798681259 -2.98872804642
00000013_undistorted_crop.jpg 6.15062093735 0.141828298569 -2.85743832588
00000014_undistorted_crop.jpg 6.1749920845 0.308096826077 -2.66113090515
00000015_undistorted_crop.jpg 6.32589864731 0.590819478035 -2.45237183571
00000016_undistorted_crop.jpg 6.43178319931 0.750347077847 -2.2028028965
00000017_undistorted_crop.jpg 6.57831048965 0.821412026882 -1.98445892334
00000018_undistorted_crop.jpg 6.70606803894 0.741398155689 -1.84817671776
00000019_undistorted_crop.jpg 6.82019615173 0.554326176643 -1.67813754082
00000020_undistorted_crop.jpg 6.90047836304 0.287045001984 -1.57648682594
00000021_undistorted_crop.jpg 6.99154949188 0.0291207805276 -1.54238581657
00000022_undistorted_crop.jpg 7.04667520523 -0.0788771510124 -1.49744486809
00000023_undistorted_crop.jpg 7.05858612061 -0.0230104643852 -1.37196660042
00000024_undistorted_crop.jpg 7.05087327957 0.100319087505 -1.12238645554
00000025_undistorted_crop.jpg 7.03610134125 0.167713165283 -0.86734598875
00000026_undistorted_crop.jpg 7.00587272644 0.179512068629 -0.607816934586
00000027_undistorted_crop.jpg 6.95356702805 0.203642904758 -0.33614179492
00000028_undistorted_crop.jpg 6.90529155731 0.223159238696 -0.0741470754147
00000029_undistorted_crop.jpg 6.87641906738 0.235961139202 0.164327308536
00000030_undistorted_crop.jpg 6.79952859879 0.244943380356 0.464017003775
00000031_undistorted_crop.jpg 6.63957500458 0.218341603875 0.823461353779
00000032_undistorted_crop.jpg 6.47550392151 0.14059522748 1.09651422501
00000033_undistorted_crop.jpg 6.3618144989 0.115938425064 1.307716012
00000034_undistorted_crop.jpg 6.27931308746 0.103753969073 1.55831289291
00000035_undistorted_crop.jpg 6.20663642883 0.118991658092 1.81099998951
00000036_undistorted_crop.jpg 6.23554468155 0.105142802 2.02594709396
00000037_undistorted_crop.jpg 6.18364286423 0.17389434576 2.31800866127
00000038_undistorted_crop.jpg 6.1581363678 0.211421698332 2.61680841446
00000039_undistorted_crop.jpg 6.22580242157 0.194615662098 2.95323586464
00000040_undistorted_crop.jpg 6.24998664856 0.143970489502 3.2727367878
00000041_undistorted_crop.jpg 6.20400762558 0.099415063858 3.58519458771
00000042_undistorted_crop.jpg 6.12504911423 0.0775056779385 3.8398001194
00000043_undistorted_crop.jpg 5.96011924744 0.0899356305599 4.12932062149
00000044_undistorted_crop.jpg 5.77675247192 0.126235425472 4.39165115356
00000045_undistorted_crop.jpg 5.54426813126 0.183671712875 4.64604520798
00000046_undistorted_crop.jpg 5.23167037964 0.196597218513 4.91138982773
00000047_undistorted_crop.jpg 4.92384910583 0.168935954571 5.18906497955
00000048_undistorted_crop.jpg 4.69495344162 0.0960245132446 5.4365272522
00000049_undistorted_crop.jpg 4.50012493134 0.0386328101158 5.70116472244
00000050_undistorted_crop.jpg 4.30980014801 0.0373424142599 5.96497488022
00000051_undistorted_crop.jpg 4.1406993866 0.0706392303109 6.2676410675
00000052_undistorted_crop.jpg 3.93388605118 0.121595352888 6.59359407425
00000053_undistorted_crop.jpg 3.75919294357 0.128366202116 6.92381906509
00000054_undistorted_crop.jpg 3.56546401978 0.0776531845331 7.19461727142
00000055_undistorted_crop.jpg 3.33816361427 0.00424274802208 7.42618131638
00000056_undistorted_crop.jpg 3.08730149269 -0.0302340388298 7.61513280869
00000057_undistorted_crop.jpg 2.80638504028 -0.0316558778286 7.76399946213
00000058_undistorted_crop.jpg 2.52730107307 0.0208043679595 7.8869509697
00000059_undistorted_crop.jpg 2.20686554909 0.0604532957077 7.98615646362
00000060_undistorted_crop.jpg 1.87652945518 0.0515993982553 8.03413295746
00000061_undistorted_crop.jpg 1.53501272202 0.000801563262939 8.10431194305
00000062_undistorted_crop.jpg 1.2010281086 -0.0570028424263 8.18567180634
00000063_undistorted_crop.jpg 0.865357518196 -0.0857644975185 8.27895927429
00000064_undistorted_crop.jpg 0.513714671135 -0.0670413970947 8.37452125549
00000065_undistorted_crop.jpg 0.15487408638 -0.0189339518547 8.49475955963
00000066_undistorted_crop.jpg -0.181804895401 0.0232393741608 8.63817024231
00000067_undistorted_crop.jpg -0.592324733734 0.0340620875359 8.84427452087
00000068_undistorted_crop.jpg -0.952131032944 -0.0215133428574 8.9840631485
00000069_undistorted_crop.jpg -1.32494688034 -0.0906506180763 9.07178974152
00000070_undistorted_crop.jpg -1.63926231861 -0.144526064396 9.15335941315
00000071_undistorted_crop.jpg -1.99711620808 -0.155859231949 9.19834041595
00000072_undistorted_crop.jpg -2.37093853951 -0.112969398499 9.25222873688
00000073_undistorted_crop.jpg -2.69907879829 -0.0659755468369 9.27694129944
00000074_undistorted_crop.jpg -2.99261140823 -0.0491591095924 9.25681495667
00000075_undistorted_crop.jpg -3.27571749687 -0.105439126492 9.21493148804
00000076_undistorted_crop.jpg -3.55777454376 -0.170443296432 9.2092962265
00000077_undistorted_crop.jpg -3.75794911385 -0.241213679314 9.19697666168
00000078_undistorted_crop.jpg -4.01546859741 -0.272352814674 9.20690727234
00000079_undistorted_crop.jpg -4.24865818024 -0.266461014748 9.22545528412
00000080_undistorted_crop.jpg -4.46862030029 -0.243600606918 9.26139259338
00000081_undistorted_crop.jpg -4.71702814102 -0.234468340874 9.33036613464
00000082_undistorted_crop.jpg -4.95332860947 -0.237443208694 9.39853668213
00000083_undistorted_crop.jpg -5.16469621658 -0.294479489326 9.45058441162
00000084_undistorted_crop.jpg -5.33277416229 -0.325757980347 9.45634841919
00000085_undistorted_crop.jpg -5.46925258636 -0.342007040977 9.44531440735
00000086_undistorted_crop.jpg -5.56696033478 -0.362280130386 9.44263362885
00000087_undistorted_crop.jpg -5.62227773666 -0.396426320076 9.42681407928
00000088_undistorted_crop.jpg -5.64308643341 -0.379492580891 9.37063121796
00000089_undistorted_crop.jpg -5.63392353058 -0.390744328499 9.35957145691
00000090_undistorted_crop.jpg -5.64354038239 -0.362786352634 9.32403278351
00000091_undistorted_crop.jpg -5.6619591713 -0.346980750561 9.32793045044
00000092_undistorted_crop.jpg -5.64678764343 -0.32676678896 9.27694129944
00000093_undistorted_crop.jpg -5.62620353699 -0.321393430233 9.24132442474
00000094_undistorted_crop.jpg -5.6015086174 -0.321014463902 9.19796180725
00000095_undistorted_crop.jpg -5.45083999634 -0.351751923561 9.01216697693
00000096_undistorted_crop.jpg -5.50253772736 -0.357513129711 9.06438827515
00000097_undistorted_crop.jpg -5.51405143738 -0.360712468624 9.07467842102
00000098_undistorted_crop.jpg -5.51439666748 -0.369993448257 9.07604122162
00000099_undistorted_crop.jpg -5.51507854462 -0.37748286128 9.07200336456
00000100_undistorted_crop.jpg -5.50834655762 -0.377921432257 9.07236766815
00000101_undistorted_crop.jpg -5.49192333221 -0.380211472511 9.07723999023
00000102_undistorted_crop.jpg -5.47401428223 -0.383487612009 9.08179283142
00000103_undistorted_crop.jpg -5.46084594727 -0.382314771414 9.09183883667
00000104_undistorted_crop.jpg -5.45403003693 -0.383036613464 9.10769939423
00000105_undistorted_crop.jpg -5.44903802872 -0.384259819984 9.13580322266
00000106_undistorted_crop.jpg -5.44711399078 -0.386285424232 9.17264842987
00000107_undistorted_crop.jpg -5.45916461945 -0.39250421524 9.21372318268
00000108_undistorted_crop.jpg -5.47362661362 -0.402008324862 9.25608921051
00000109_undistorted_crop.jpg -5.48671627045 -0.405194580555 9.30470085144
00000110_undistorted_crop.jpg -5.49369907379 -0.401654839516 9.36436271667
00000111_undistorted_crop.jpg -5.48644542694 -0.406965851784 9.42090988159
00000112_undistorted_crop.jpg -5.46910667419 -0.409806072712 9.46624755859
00000113_undistorted_crop.jpg -5.44742965698 -0.407418251038 9.50465297699
00000114_undistorted_crop.jpg -5.41978168488 -0.407411634922 9.54062843323
00000115_undistorted_crop.jpg -5.39072227478 -0.409286916256 9.56725692749
00000116_undistorted_crop.jpg -5.3911652565 -0.409429430962 9.56698131561
00000117_undistorted_crop.jpg -5.35623979568 -0.407203942537 9.55696773529
00000118_undistorted_crop.jpg -5.32875919342 -0.402328014374 9.5270652771
00000119_undistorted_crop.jpg -5.29631757736 -0.398410499096 9.47874259949
00000120_undistorted_crop.jpg -5.28135967255 -0.399356931448 9.4213848114
00000121_undistorted_crop.jpg -5.2591342926 -0.398367971182 9.35124111176
00000122_undistorted_crop.jpg -5.27334547043 -0.400339394808 9.22780704498
00000123_undistorted_crop.jpg -5.27652263641 -0.392130315304 9.0394077301
00000124_undistorted_crop.jpg -5.29637241364 -0.371224582195 9.13986968994
00000125_undistorted_crop.jpg -5.48430967331 -0.350187689066 9.1963558197
00000126_undistorted_crop.jpg -5.56344890594 -0.335260748863 9.24150466919
00000127_undistorted_crop.jpg -5.50828933716 -0.33383589983 9.09991645813
00000128_undistorted_crop.jpg -5.6465139389 -0.361737966537 9.24664115906
00000129_undistorted_crop.jpg -5.6244764328 -0.365327239037 9.22281646729
00000130_undistorted_crop.jpg -5.59043121338 -0.370128273964 9.1909122467
00000131_undistorted_crop.jpg -5.57669210434 -0.367926716805 9.17772293091
00000132_undistorted_crop.jpg -5.56464862823 -0.356122374535 9.21949005127
00000133_undistorted_crop.jpg -5.59743642807 -0.342769503593 9.26753044128
00000134_undistorted_crop.jpg -5.5709528923 -0.382698059082 9.25684738159
00000135_undistorted_crop.jpg -5.61318016052 -0.436237096786 9.23996067047
00000136_undistorted_crop.jpg -5.61124372482 -0.615561962128 8.9500617981
00000137_undistorted_crop.jpg -5.73855113983 -0.862226963043 8.55707740784
00000138_undistorted_crop.jpg -5.57628822327 -0.603116035461 9.16903400421
00000139_undistorted_crop.jpg -5.74751758575 -0.533101022243 9.30412387848
00000140_undistorted_crop.jpg -5.85534667969 -0.510155797005 9.40964984894
00000141_undistorted_crop.jpg -5.91356611252 -0.529593229294 9.44347286224
00000142_undistorted_crop.jpg -5.89844799042 -0.544074773788 9.46495628357
00000143_undistorted_crop.jpg -5.76751995087 -0.578900814056 9.49844264984
00000144_undistorted_crop.jpg -5.61361122131 -0.582379102707 9.49932956696
00000145_undistorted_crop.jpg -5.39714479446 -0.566296935081 9.45703029633
00000146_undistorted_crop.jpg -5.15536355972 -0.567374825478 9.39026546478
00000147_undistorted_crop.jpg -4.90748071671 -0.56373167038 9.28440284729
00000148_undistorted_crop.jpg -4.66125488281 -0.552812695503 9.138671875
00000149_undistorted_crop.jpg -4.45173311234 -0.578355550766 8.99707984924
00000150_undistorted_crop.jpg -4.24626350403 -0.607028841972 8.83641815186
00000151_undistorted_crop.jpg -3.99355745316 -0.585379838943 8.71125125885
00000152_undistorted_crop.jpg -3.62001037598 -0.484717845917 8.6534318924
00000153_undistorted_crop.jpg -3.35070633888 -0.448955893517 8.64053344727
00000154_undistorted_crop.jpg -3.07539224625 -0.401785373688 8.64978313446
00000155_undistorted_crop.jpg -2.77054834366 -0.342087507248 8.69758987427
00000156_undistorted_crop.jpg -2.42616701126 -0.318149447441 8.78953742981
00000157_undistorted_crop.jpg -2.12270450592 -0.370307087898 8.86228847504
00000158_undistorted_crop.jpg -1.8117634058 -0.398715853691 8.92753887177
00000159_undistorted_crop.jpg -1.51368439198 -0.405991435051 8.94503116608
00000160_undistorted_crop.jpg -1.22972798347 -0.382197499275 8.95524311066
00000161_undistorted_crop.jpg -1.03688848019 -0.364880025387 8.97891426086
00000162_undistorted_crop.jpg -0.773503601551 -0.315330207348 8.92430400848
00000163_undistorted_crop.jpg -0.531234383583 -0.276921778917 8.8201007843
00000164_undistorted_crop.jpg -0.26155847311 -0.259918630123 8.68934631348
00000165_undistorted_crop.jpg -0.00501531362534 -0.342558830976 8.60006141663
00000166_undistorted_crop.jpg 0.275343537331 -0.375773787498 8.55498600006
00000167_undistorted_crop.jpg 0.562258481979 -0.383568048477 8.54879283905
00000168_undistorted_crop.jpg 0.846349716187 -0.36504971981 8.5870552063
00000169_undistorted_crop.jpg 1.11614632607 -0.298703432083 8.71068000793
00000170_undistorted_crop.jpg 1.37374901772 -0.230185747147 8.87984466553
00000171_undistorted_crop.jpg 1.61785387993 -0.208520650864 9.08772087097
00000172_undistorted_crop.jpg 1.8322622776 -0.240911245346 9.26264381409
00000173_undistorted_crop.jpg 2.0799908638 -0.282852649689 9.43507671356
00000174_undistorted_crop.jpg 2.31255578995 -0.296915769577 9.60217857361
00000175_undistorted_crop.jpg 2.54143190384 -0.285234212875 9.75607872009
00000176_undistorted_crop.jpg 2.72975516319 -0.271943569183 9.86290454865
00000177_undistorted_crop.jpg 2.94581151009 -0.261451244354 9.93405342102
00000178_undistorted_crop.jpg 3.16309785843 -0.305441379547 9.93035697937
00000179_undistorted_crop.jpg 3.3469145298 -0.320696353912 9.98083782196
00000180_undistorted_crop.jpg 3.50830197334 -0.322128772736 10.0370044708
00000181_undistorted_crop.jpg 3.60562038422 -0.301874160767 10.187997818
00000182_undistorted_crop.jpg 3.62226867676 -0.319303512573 10.1725654602
00000183_undistorted_crop.jpg 3.63097429276 -0.300503730774 10.1939849854
00000184_undistorted_crop.jpg 3.6134557724 -0.293750286102 10.1995677948
00000185_undistorted_crop.jpg 3.59762382507 -0.293538570404 10.1929073334
00000186_undistorted_crop.jpg 3.57332324982 -0.302512645721 10.185918808
00000187_undistorted_crop.jpg 3.55186319351 -0.290739536285 10.1960506439
00000188_undistorted_crop.jpg 3.52983498573 -0.29266500473 10.1940631866
00000189_undistorted_crop.jpg 3.52236819267 -0.284909725189 10.1964149475
00000190_undistorted_crop.jpg 3.50361251831 -0.304329395294 10.1891088486
00000191_undistorted_crop.jpg 3.50397920609 -0.295902252197 10.1833686829
00000192_undistorted_crop.jpg 3.49490737915 -0.298290252686 10.1809864044
00000193_undistorted_crop.jpg 3.48991847038 -0.289288520813 10.1935720444
00000194_undistorted_crop.jpg 3.44579076767 -0.314937114716 10.1453237534
00000195_undistorted_crop.jpg 3.44554400444 -0.315205574036 10.1454668045
00000196_undistorted_crop.jpg 3.41260266304 -0.291964054108 10.182477951
00000197_undistorted_crop.jpg 3.39283370972 -0.286599159241 10.1847276688
00000198_undistorted_crop.jpg 3.3717880249 -0.285325050354 10.1915006638
00000199_undistorted_crop.jpg 3.3505821228 -0.289205551147 10.184135437
00000200_undistorted_crop.jpg 3.33408617973 -0.278044700623 10.1898899078
00000201_undistorted_crop.jpg 3.31987595558 -0.261896133423 10.1904907227
00000202_undistorted_crop.jpg 3.29791760445 -0.265842914581 10.1798820496
00000203_undistorted_crop.jpg 3.28193473816 -0.26819562912 10.1573009491
00000204_undistorted_crop.jpg 3.2421131134 -0.276805877686 10.1389741898
00000205_undistorted_crop.jpg 3.2413892746 -0.286862850189 10.0991916656
00000206_undistorted_crop.jpg 3.2313349247 -0.280932426453 10.115278244
00000207_undistorted_crop.jpg 3.22320747375 -0.281606197357 10.1082353592
00000208_undistorted_crop.jpg 3.21147441864 -0.281352996826 10.0998868942
00000209_undistorted_crop.jpg 3.20231246948 -0.280620098114 10.1020355225
00000210_undistorted_crop.jpg 3.1900100708 -0.280838012695 10.0946865082
00000211_undistorted_crop.jpg 3.18476772308 -0.279911518097 10.0911741257
00000212_undistorted_crop.jpg 3.18707156181 -0.279651165009 10.0842266083
00000213_undistorted_crop.jpg 3.18313407898 -0.280939102173 10.087890625
00000214_undistorted_crop.jpg 3.18560576439 -0.286852359772 10.0719795227
00000215_undistorted_crop.jpg 3.17166090012 -0.282748222351 10.0834388733
00000216_undistorted_crop.jpg 3.16836833954 -0.282745361328 10.0764789581
00000217_undistorted_crop.jpg 3.16439723969 -0.285933017731 10.0784473419
00000218_undistorted_crop.jpg 3.16956019402 -0.287274837494 10.0640335083
00000219_undistorted_crop.jpg 3.16128587723 -0.294051170349 10.0647678375
00000220_undistorted_crop.jpg 3.15420341492 -0.295464038849 10.058052063
00000221_undistorted_crop.jpg 3.14878106117 -0.292724132538 10.0591058731
00000222_undistorted_crop.jpg 3.14153456688 -0.293119907379 10.0593957901
00000223_undistorted_crop.jpg 3.13876867294 -0.290870666504 10.0595684052
00000224_undistorted_crop.jpg 3.1273765564 -0.29496049881 10.0548229218
00000225_undistorted_crop.jpg 3.11845374107 -0.296414852142 10.0492362976
00000226_undistorted_crop.jpg 3.1127512455 -0.291665554047 10.0693035126
00000227_undistorted_crop.jpg 3.12671875954 -0.280345439911 10.1059932709
00000228_undistorted_crop.jpg 3.16840648651 -0.240306377411 10.1587848663
00000229_undistorted_crop.jpg 3.28464126587 -0.224856853485 10.2657470703
00000230_undistorted_crop.jpg 3.40045762062 -0.169890165329 10.2996644974
00000231_undistorted_crop.jpg 3.47988843918 -0.130024909973 10.3073043823
00000232_undistorted_crop.jpg 3.54653263092 -0.109082460403 10.294667244
00000233_undistorted_crop.jpg 3.51535964012 -0.132194280624 10.2955217361
00000234_undistorted_crop.jpg 3.52347898483 -0.119869470596 10.2995796204
00000235_undistorted_crop.jpg 3.49530434608 -0.132711410522 10.3024921417
00000236_undistorted_crop.jpg 3.46448659897 -0.132363557816 10.2960186005
00000237_undistorted_crop.jpg 3.46206140518 -0.0715689659119 10.3016119003
00000238_undistorted_crop.jpg 3.30925107002 -0.155240058899 10.2649059296
00000239_undistorted_crop.jpg 3.20584869385 -0.212401390076 10.2185573578
00000240_undistorted_crop.jpg 3.15352797508 -0.25615644455 10.1746463776
00000241_undistorted_crop.jpg 3.10917115211 -0.271234035492 10.1494445801
00000242_undistorted_crop.jpg 3.0846991539 -0.263765335083 10.1522779465
00000243_undistorted_crop.jpg 3.07274127007 -0.263181686401 10.1451034546
00000244_undistorted_crop.jpg 3.06165146828 -0.265161514282 10.1372776031
00000245_undistorted_crop.jpg 3.04963231087 -0.271475315094 10.1250429153
00000246_undistorted_crop.jpg 3.04834604263 -0.271094799042 10.1250009537
00000247_undistorted_crop.jpg 3.04510235786 -0.268902301788 10.1281652451
00000248_undistorted_crop.jpg 3.04064774513 -0.268367767334 10.1268815994
00000249_undistorted_crop.jpg 3.0369155407 -0.26683473587 10.1292133331
00000250_undistorted_crop.jpg 3.01850295067 -0.262320995331 10.1262779236
00000251_undistorted_crop.jpg 3.00589895248 -0.251335144043 10.1361865997
00000252_undistorted_crop.jpg 2.99163913727 -0.240545749664 10.1459779739
00000253_undistorted_crop.jpg 2.98204684258 -0.227754116058 10.1592321396
00000254_undistorted_crop.jpg 2.96751761436 -0.218342781067 10.180727005
00000255_undistorted_crop.jpg 2.96185922623 -0.203927993774 10.1948394775
00000256_undistorted_crop.jpg 2.9560110569 -0.193607330322 10.2068138123
00000257_undistorted_crop.jpg 2.9511487484 -0.187854766846 10.2109718323
00000258_undistorted_crop.jpg 2.9436442852 -0.180026054382 10.2229099274
00000259_undistorted_crop.jpg 2.93399453163 -0.168220996857 10.2325973511
00000260_undistorted_crop.jpg 2.92191982269 -0.164443969727 10.2387342453
00000261_undistorted_crop.jpg 2.91527175903 -0.157293319702 10.2367191315
00000262_undistorted_crop.jpg 2.9092168808 -0.155273914337 10.2370109558
00000263_undistorted_crop.jpg 2.90447902679 -0.166359901428 10.2277107239
00000264_undistorted_crop.jpg 2.92337679863 -0.168416500092 10.229850769
00000265_undistorted_crop.jpg 2.94119429588 -0.193319320679 10.2078809738
00000266_undistorted_crop.jpg 2.97934508324 -0.202131271362 10.2038860321
00000267_undistorted_crop.jpg 3.02086520195 -0.221667766571 10.211769104
00000268_undistorted_crop.jpg 3.05641722679 -0.234429359436 10.1749267578
00000269_undistorted_crop.jpg 3.09166717529 -0.243838787079 10.1672649384
00000270_undistorted_crop.jpg 3.11679434776 -0.247977256775 10.1791257858
00000271_undistorted_crop.jpg 3.13714551926 -0.238485336304 10.1921339035
00000272_undistorted_crop.jpg 3.15039348602 -0.23880815506 10.1928577423
00000273_undistorted_crop.jpg 3.15933227539 -0.250032424927 10.182847023
00000274_undistorted_crop.jpg 3.17271375656 -0.259298324585 10.1717805862
00000275_undistorted_crop.jpg 3.18106555939 -0.264624118805 10.1653051376
00000276_undistorted_crop.jpg 3.18634033203 -0.268483638763 10.1636428833
00000277_undistorted_crop.jpg 3.19861459732 -0.259743690491 10.1620464325
00000278_undistorted_crop.jpg 3.21287584305 -0.291617870331 10.1161603928
00000279_undistorted_crop.jpg 3.22907686234 -0.33811712265 10.0358486176
00000280_undistorted_crop.jpg 3.23642230034 -0.328738689423 10.0340900421
00000281_undistorted_crop.jpg 3.30056238174 -0.364590167999 9.9439201355
00000282_undistorted_crop.jpg 3.33982801437 -0.382001399994 9.89556217194
00000283_undistorted_crop.jpg 3.38248252869 -0.390812397003 9.85956764221
00000284_undistorted_crop.jpg 3.40834593773 -0.396174430847 9.82369041443
00000285_undistorted_crop.jpg 3.39915895462 -0.387184143066 9.80255126953
00000286_undistorted_crop.jpg 3.36312437057 -0.293795108795 9.84719276428
00000287_undistorted_crop.jpg 3.31962561607 -0.250153541565 9.86212158203
00000288_undistorted_crop.jpg 3.17928552628 -0.353057861328 9.68712711334
00000289_undistorted_crop.jpg 3.0466594696 -0.377492904663 9.58996963501
00000290_undistorted_crop.jpg 2.86220836639 -0.538667201996 9.48711395264
00000291_undistorted_crop.jpg 2.95365452766 0.186297893524 9.66469478607
00000292_undistorted_crop.jpg 2.81197214127 0.0660076141357 9.19983673096
00000293_undistorted_crop.jpg 2.53627419472 0.0943806171417 8.91742324829
00000294_undistorted_crop.jpg 2.26753854752 0.113469600677 8.68297481537
00000295_undistorted_crop.jpg 2.12892913818 0.0911853313446 8.48076725006
00000296_undistorted_crop.jpg 1.98785293102 0.0765190124512 8.33420562744
00000297_undistorted_crop.jpg 1.85845124722 0.0641551613808 8.2256269455
00000298_undistorted_crop.jpg 1.72323822975 0.0581707954407 8.16614723206
00000299_undistorted_crop.jpg 1.5752620697 0.0576159358025 8.14048290253
00000300_undistorted_crop.jpg 1.40628826618 0.0599846839905 8.16206073761
00000301_undistorted_crop.jpg 1.21523940563 0.0717440843582 8.21820831299
00000302_undistorted_crop.jpg 0.987840175629 0.0808333158493 8.28767681122
00000303_undistorted_crop.jpg 0.784125566483 0.064069211483 8.37539768219
00000304_undistorted_crop.jpg 0.548121452332 0.0208805203438 8.45773792267
00000305_undistorted_crop.jpg 0.307122707367 0.000239253044128 8.50314331055
00000306_undistorted_crop.jpg 0.0958412885666 -0.0129348635674 8.51342010498
00000307_undistorted_crop.jpg -0.102701425552 -0.00857120752335 8.53682041168
00000308_undistorted_crop.jpg -0.363208174706 -0.0107449889183 8.55990791321
00000309_undistorted_crop.jpg -0.613008737564 -0.00240904092789 8.53675174713
00000310_undistorted_crop.jpg -0.805770158768 -0.00877100229263 8.51862716675
00000311_undistorted_crop.jpg -1.02161157131 0.021762907505 8.47189235687
00000312_undistorted_crop.jpg -1.24207079411 0.0283704996109 8.37854194641
00000313_undistorted_crop.jpg -1.4418721199 -0.0289115309715 8.29458236694
00000314_undistorted_crop.jpg -1.66158032417 -0.058237195015 8.21506309509
00000315_undistorted_crop.jpg -1.90447878838 -0.0783303976059 8.14626407623
00000316_undistorted_crop.jpg -2.15517759323 -0.0857870578766 8.05204105377
00000317_undistorted_crop.jpg -2.37303972244 -0.0736862421036 7.97637987137
00000318_undistorted_crop.jpg -2.63126707077 -0.0493887662888 7.88557052612
00000319_undistorted_crop.jpg -2.90160417557 -0.0215631127357 7.80439567566
00000320_undistorted_crop.jpg -3.13938355446 -0.0199823379517 7.76751708984
00000321_undistorted_crop.jpg -3.39934015274 -0.0130779147148 7.72676944733
00000322_undistorted_crop.jpg -3.71160244942 -0.0544450879097 7.66944885254
00000323_undistorted_crop.jpg -3.95148181915 -0.0786513090134 7.62118196487
00000324_undistorted_crop.jpg -4.17109298706 -0.122507691383 7.57383775711
00000325_undistorted_crop.jpg -4.37027454376 -0.140156924725 7.50926780701
00000326_undistorted_crop.jpg -4.55933570862 -0.152960181236 7.43636083603
00000327_undistorted_crop.jpg -4.7373085022 -0.141402244568 7.3455657959
00000328_undistorted_crop.jpg -4.96509647369 -0.0809605121613 7.20193529129
00000329_undistorted_crop.jpg -5.15934848785 -0.0742470026016 7.04294157028
00000330_undistorted_crop.jpg -5.32194042206 -0.0769361257553 6.88472414017
00000331_undistorted_crop.jpg -5.48167037964 -0.121539950371 6.72719144821
00000332_undistorted_crop.jpg -5.63715362549 -0.15790951252 6.59189748764
00000333_undistorted_crop.jpg -5.80514001846 -0.182684540749 6.47411775589
00000334_undistorted_crop.jpg -5.96998119354 -0.192931056023 6.37524175644
00000335_undistorted_crop.jpg -6.10374450684 -0.194497108459 6.25745773315
00000336_undistorted_crop.jpg -6.28932762146 -0.182607650757 6.18426322937
00000337_undistorted_crop.jpg -6.48727560043 -0.148301124573 6.12421798706
00000338_undistorted_crop.jpg -6.68877840042 -0.136004209518 6.05986213684
00000339_undistorted_crop.jpg -6.86510944366 -0.165364027023 6.02172422409
00000340_undistorted_crop.jpg -7.06081533432 -0.226395606995 5.9997549057
00000341_undistorted_crop.jpg -7.27055215836 -0.239211082458 5.94324016571
00000342_undistorted_crop.jpg -7.49612140656 -0.223328351974 5.90286922455
00000343_undistorted_crop.jpg -7.64415073395 -0.235847473145 5.85273122787
00000344_undistorted_crop.jpg -7.76037979126 -0.256975889206 5.7916636467
00000345_undistorted_crop.jpg -7.8651304245 -0.238357782364 5.75327730179
00000346_undistorted_crop.jpg -7.93602323532 -0.228422880173 5.69683027267
00000347_undistorted_crop.jpg -7.97444915771 -0.227395772934 5.63525009155
00000348_undistorted_crop.jpg -8.00872039795 -0.209536075592 5.59383249283
00000349_undistorted_crop.jpg -8.00467300415 -0.224215507507 5.53449010849
00000350_undistorted_crop.jpg -8.0052728653 -0.222038269043 5.48119258881
00000351_undistorted_crop.jpg -8.00598430634 -0.223200321198 5.43323612213
00000352_undistorted_crop.jpg -8.00487518311 -0.223219394684 5.39673709869
00000353_undistorted_crop.jpg -7.98983716965 -0.232012271881 5.35587215424
00000354_undistorted_crop.jpg -7.9854927063 -0.229333400726 5.32712268829
00000355_undistorted_crop.jpg -7.96973991394 -0.233975887299 5.30176448822
00000356_undistorted_crop.jpg -7.97962141037 -0.209781169891 5.30909729004
00000357_undistorted_crop.jpg -7.96437644958 -0.215945720673 5.30011987686
00000358_undistorted_crop.jpg -7.96003627777 -0.211292266846 5.2930688858
00000359_undistorted_crop.jpg -7.95168781281 -0.203104972839 5.28252983093
00000360_undistorted_crop.jpg -7.93119621277 -0.208435058594 5.27655172348
00000361_undistorted_crop.jpg -7.92112922668 -0.206883430481 5.27485847473
00000362_undistorted_crop.jpg -7.90669345856 -0.208612918854 5.26328659058
00000363_undistorted_crop.jpg -7.89389324188 -0.205286502838 5.25767707825
00000364_undistorted_crop.jpg -7.87462615967 -0.204087734222 5.23949384689
00000365_undistorted_crop.jpg -7.87140893936 -0.20117521286 5.24561309814
00000366_undistorted_crop.jpg -7.87004804611 -0.201379299164 5.24249839783
00000367_undistorted_crop.jpg -7.86781024933 -0.2044672966 5.24836540222
00000368_undistorted_crop.jpg -7.87126302719 -0.205443382263 5.25054073334
00000369_undistorted_crop.jpg -7.88469219208 -0.209115028381 5.2420296669
00000370_undistorted_crop.jpg -7.8826918602 -0.21141910553 5.23803138733
00000371_undistorted_crop.jpg -7.88183403015 -0.211227416992 5.23687648773
00000372_undistorted_crop.jpg -7.88152647018 -0.211824417114 5.23666334152
00000373_undistorted_crop.jpg -7.88175153732 -0.211458206177 5.23698091507
00000374_undistorted_crop.jpg -7.88203620911 -0.210751056671 5.23753547668
00000375_undistorted_crop.jpg -7.88143062592 -0.21043586731 5.23675680161
00000376_undistorted_crop.jpg -7.88180541992 -0.210559844971 5.23654747009
00000377_undistorted_crop.jpg -7.88101291656 -0.211033344269 5.23619651794
00000378_undistorted_crop.jpg -7.88136386871 -0.210088729858 5.23657989502
00000379_undistorted_crop.jpg -7.88175725937 -0.209514141083 5.23727989197
00000380_undistorted_crop.jpg -7.88228321075 -0.209311962128 5.23705196381
00000381_undistorted_crop.jpg -7.88286733627 -0.208649635315 5.23639678955
00000382_undistorted_crop.jpg -7.88309669495 -0.208474636078 5.23641204834
00000383_undistorted_crop.jpg -7.88314628601 -0.207922935486 5.23655033112
00000384_undistorted_crop.jpg -7.88315200806 -0.207800865173 5.2365064621
00000385_undistorted_crop.jpg -7.88300180435 -0.207862854004 5.23624658585
00000386_undistorted_crop.jpg -7.88297367096 -0.207455635071 5.23666667938
00000387_undistorted_crop.jpg -7.8829627037 -0.207668304443 5.23668003082
00000388_undistorted_crop.jpg -7.88091850281 -0.208763122559 5.23811340332
00000389_undistorted_crop.jpg -7.87821340561 -0.208699703217 5.24132728577
00000390_undistorted_crop.jpg -7.87412595749 -0.212425231934 5.2375369072
00000391_undistorted_crop.jpg -7.86735534668 -0.205041408539 5.2275056839
00000392_undistorted_crop.jpg -7.86331224442 -0.207673549652 5.22562122345
00000393_undistorted_crop.jpg -7.86334848404 -0.207591533661 5.22575759888
00000394_undistorted_crop.jpg -7.87593126297 -0.20848941803 5.24176883698
00000395_undistorted_crop.jpg -7.86724281311 -0.205211639404 5.22752809525
00000396_undistorted_crop.jpg -7.86341333389 -0.207794189453 5.22564411163
00000397_undistorted_crop.jpg -7.86733579636 -0.205296039581 5.22746753693
00000398_undistorted_crop.jpg -7.88157987595 -0.208038330078 5.24417829514
00000399_undistorted_crop.jpg -7.88478136063 -0.206593513489 5.24210262299
00000400_undistorted_crop.jpg -7.8848285675 -0.209180831909 5.241147995
00000401_undistorted_crop.jpg -7.88747119904 -0.20659160614 5.2414932251
00000402_undistorted_crop.jpg -7.88742208481 -0.205722808838 5.24021148682
00000403_undistorted_crop.jpg -7.88662719727 -0.204879760742 5.2392706871
00000404_undistorted_crop.jpg -7.88544464111 -0.204474925995 5.23828601837
00000405_undistorted_crop.jpg -7.88366127014 -0.204657077789 5.23917961121
00000406_undistorted_crop.jpg -7.88033294678 -0.207778453827 5.23849344254
00000407_undistorted_crop.jpg -7.87504148483 -0.212368965149 5.23759651184
00000408_undistorted_crop.jpg -7.8727645874 -0.198570728302 5.22161483765
00000409_undistorted_crop.jpg -7.86731815338 -0.205247879028 5.2274479866
00000410_undistorted_crop.jpg -7.87034225464 -0.203760147095 5.21837568283
00000411_undistorted_crop.jpg -7.86330652237 -0.20780134201 5.22583198547
00000412_undistorted_crop.jpg -7.86329507828 -0.20783662796 5.22587490082
00000413_undistorted_crop.jpg -7.86332511902 -0.207856178284 5.22586774826
00000414_undistorted_crop.jpg -7.86336755753 -0.207851409912 5.22578334808
00000415_undistorted_crop.jpg -7.86728429794 -0.205270767212 5.22751140594
00000416_undistorted_crop.jpg -7.86341142654 -0.207827091217 5.22569656372
00000417_undistorted_crop.jpg -7.85865163803 -0.206129550934 5.23903751373
00000418_undistorted_crop.jpg -7.85724258423 -0.211805343628 5.23278093338
00000419_undistorted_crop.jpg -7.86730003357 -0.205144882202 5.22763061523
00000420_undistorted_crop.jpg -7.85617637634 -0.210658550262 5.22574424744
00000421_undistorted_crop.jpg -7.86334609985 -0.213987350464 5.23309135437
00000422_undistorted_crop.jpg -7.86174440384 -0.216508388519 5.23139190674
00000423_undistorted_crop.jpg -7.86358737946 -0.213921546936 5.233335495
00000424_undistorted_crop.jpg -7.86377954483 -0.215348720551 5.22245073318
00000425_undistorted_crop.jpg -7.86462879181 -0.2195353508 5.22678089142
00000426_undistorted_crop.jpg -7.86186599731 -0.216582775116 5.2312078476
00000427_undistorted_crop.jpg -7.8585767746 -0.216693878174 5.23175239563
00000428_undistorted_crop.jpg -7.85738754272 -0.213580131531 5.23125696182
00000429_undistorted_crop.jpg -7.85144996643 -0.215847015381 5.23125839233
00000430_undistorted_crop.jpg -7.8516254425 -0.206902503967 5.24070453644
00000431_undistorted_crop.jpg -7.84614992142 -0.210780620575 5.23942136765
00000432_undistorted_crop.jpg -7.84714984894 -0.20823431015 5.23597288132
00000433_undistorted_crop.jpg -7.84353256226 -0.209968090057 5.22882318497
00000434_undistorted_crop.jpg -7.84373569489 -0.205066204071 5.22465991974
00000435_undistorted_crop.jpg -7.84620666504 -0.202302455902 5.22541713715
00000436_undistorted_crop.jpg -7.84757328033 -0.200820446014 5.22898387909
00000437_undistorted_crop.jpg -7.85055541992 -0.197597026825 5.24293518066
00000438_undistorted_crop.jpg -7.84455776215 -0.204666614532 5.25226306915
00000439_undistorted_crop.jpg -7.85590839386 -0.19411277771 5.27262878418
00000440_undistorted_crop.jpg -7.86040401459 -0.19863319397 5.28754329681
00000441_undistorted_crop.jpg -7.86036396027 -0.199142932892 5.29940032959
00000442_undistorted_crop.jpg -7.85281419754 -0.204195022583 5.31722545624
00000443_undistorted_crop.jpg -7.85764217377 -0.20419216156 5.33154773712
00000444_undistorted_crop.jpg -7.86994600296 -0.198139667511 5.34233236313
00000445_undistorted_crop.jpg -7.8731470108 -0.208487033844 5.36861610413
00000446_undistorted_crop.jpg -7.89652347565 -0.208441257477 5.39863014221
00000447_undistorted_crop.jpg -7.91128587723 -0.225424289703 5.42803859711
00000448_undistorted_crop.jpg -7.92912149429 -0.233607769012 5.48660945892
00000449_undistorted_crop.jpg -7.94274997711 -0.255922794342 5.55538368225
00000450_undistorted_crop.jpg -7.93431091309 -0.314366817474 5.62833499908
00000451_undistorted_crop.jpg -7.90467309952 -0.372572898865 5.72071552277
00000452_undistorted_crop.jpg -7.89657735825 -0.412075519562 5.84647369385
00000453_undistorted_crop.jpg -7.86233377457 -0.440713882446 5.95798158646
00000454_undistorted_crop.jpg -7.83970403671 -0.47283411026 6.02133703232
00000455_undistorted_crop.jpg -7.787961483 -0.518627166748 6.05416917801
00000456_undistorted_crop.jpg -7.7320022583 -0.519603967667 6.1020898819
00000457_undistorted_crop.jpg -7.75349140167 -0.458550632 6.03540992737
00000458_undistorted_crop.jpg -7.74888134003 -0.447998046875 5.9870762825
00000459_undistorted_crop.jpg -7.71907186508 -0.478405952454 5.93007040024
00000460_undistorted_crop.jpg -7.76765537262 -0.49421775341 5.84502267838
00000461_undistorted_crop.jpg -7.78074836731 -0.514605641365 5.74498033524
00000462_undistorted_crop.jpg -7.78502607346 -0.524907112122 5.68382358551
00000463_undistorted_crop.jpg -7.79127788544 -0.542920172215 5.58994340897
00000464_undistorted_crop.jpg -7.76600456238 -0.522038757801 5.5422949791
00000465_undistorted_crop.jpg -7.76424694061 -0.540735840797 5.48652744293
00000466_undistorted_crop.jpg -7.67748451233 -0.561786472797 5.4680891037
00000467_undistorted_crop.jpg -7.63332509995 -0.502372384071 5.43953752518
00000468_undistorted_crop.jpg -7.55155944824 -0.516080856323 5.39083719254
00000469_undistorted_crop.jpg -7.43831062317 -0.501057207584 5.32277965546
00000470_undistorted_crop.jpg -7.30998897552 -0.487682878971 5.25819206238
00000471_undistorted_crop.jpg -7.15070772171 -0.483184397221 5.20005512238
00000472_undistorted_crop.jpg -7.01581144333 -0.474915504456 5.17911815643
00000473_undistorted_crop.jpg -6.91999721527 -0.492650151253 5.10670757294
00000474_undistorted_crop.jpg -6.86610412598 -0.503149747849 5.08542394638
00000475_undistorted_crop.jpg -6.85324525833 -0.501738667488 5.04561758041
00000476_undistorted_crop.jpg -6.83804750443 -0.503672599792 4.99356031418
00000477_undistorted_crop.jpg -6.83010864258 -0.494364976883 4.95887613297
00000478_undistorted_crop.jpg -6.84087753296 -0.489470124245 4.94871759415
00000479_undistorted_crop.jpg -6.86487770081 -0.474958062172 4.93864870071
00000480_undistorted_crop.jpg -6.91705369949 -0.470276117325 4.9315700531
00000481_undistorted_crop.jpg -6.94407749176 -0.448032021523 4.94025468826
00000482_undistorted_crop.jpg -6.98753833771 -0.443870067596 4.93228244781
00000483_undistorted_crop.jpg -7.02654123306 -0.439790487289 4.91371107101
00000484_undistorted_crop.jpg -7.05661725998 -0.437659978867 4.88923120499
00000485_undistorted_crop.jpg -7.07637071609 -0.439390182495 4.87153625488
00000486_undistorted_crop.jpg -7.10071563721 -0.442224740982 4.858273983
00000487_undistorted_crop.jpg -7.12898111343 -0.438458204269 4.8524312973
00000488_undistorted_crop.jpg -7.15217494965 -0.440024614334 4.84761857986
00000489_undistorted_crop.jpg -7.18383169174 -0.437839984894 4.85877084732
00000490_undistorted_crop.jpg -7.21934509277 -0.432945013046 4.86172389984
00000491_undistorted_crop.jpg -7.24846363068 -0.430610895157 4.87198734283
00000492_undistorted_crop.jpg -7.27101993561 -0.430343866348 4.87408828735
00000493_undistorted_crop.jpg -7.30277204514 -0.426812648773 4.88447475433
00000494_undistorted_crop.jpg -7.3312292099 -0.425107002258 4.89998579025
00000495_undistorted_crop.jpg -7.35441970825 -0.426199674606 4.91711807251
00000496_undistorted_crop.jpg -7.37294197083 -0.431196689606 4.94294548035
00000497_undistorted_crop.jpg -7.38223838806 -0.434455871582 4.96758747101
00000498_undistorted_crop.jpg -7.37461328506 -0.435429096222 4.99505901337
00000499_undistorted_crop.jpg -7.34611940384 -0.429487705231 5.01730680466
00000500_undistorted_crop.jpg -7.29671907425 -0.425727367401 5.03447294235
00000501_undistorted_crop.jpg -7.23381614685 -0.435776948929 5.05235242844
00000502_undistorted_crop.jpg -7.18665742874 -0.438291311264 5.07139158249
00000503_undistorted_crop.jpg -7.14731359482 -0.43980050087 5.08670473099
00000504_undistorted_crop.jpg -7.12322950363 -0.444322347641 5.0976228714
00000505_undistorted_crop.jpg -7.10483026505 -0.444298505783 5.10918045044
00000506_undistorted_crop.jpg -7.08705329895 -0.438091278076 5.12441921234
00000507_undistorted_crop.jpg -7.07832384109 -0.438565969467 5.13226795197
00000508_undistorted_crop.jpg -7.07195711136 -0.437499284744 5.13869762421
00000509_undistorted_crop.jpg -7.06996679306 -0.434664487839 5.14686393738
00000510_undistorted_crop.jpg -7.06855583191 -0.432413578033 5.1515288353
00000511_undistorted_crop.jpg -7.06416034698 -0.43073964119 5.16164255142
00000512_undistorted_crop.jpg -7.05827093124 -0.427420854568 5.16987657547
00000513_undistorted_crop.jpg -7.05528450012 -0.429162740707 5.17583799362
00000514_undistorted_crop.jpg -7.04971265793 -0.421213626862 5.18453550339
00000515_undistorted_crop.jpg -7.04480409622 -0.423858642578 5.18819046021
00000516_undistorted_crop.jpg -7.03623723984 -0.423562049866 5.19918346405
00000517_undistorted_crop.jpg -7.03678321838 -0.424229860306 5.20185375214
00000518_undistorted_crop.jpg -7.03202533722 -0.420383214951 5.20672941208
00000519_undistorted_crop.jpg -7.02999734879 -0.421991825104 5.21251916885
00000520_undistorted_crop.jpg -7.02958440781 -0.421496391296 5.21412563324
00000521_undistorted_crop.jpg -7.02508544922 -0.419058084488 5.21747493744
00000522_undistorted_crop.jpg -7.02166652679 -0.421919345856 5.22049999237
00000523_undistorted_crop.jpg -7.02181196213 -0.422235012054 5.22344303131
00000524_undistorted_crop.jpg -7.01972675323 -0.424226045609 5.22909355164
00000525_undistorted_crop.jpg -7.01785039902 -0.421085596085 5.23614406586
00000526_undistorted_crop.jpg -7.01511859894 -0.421746969223 5.23818254471
00000527_undistorted_crop.jpg -7.01954126358 -0.422891616821 5.23841571808
00000528_undistorted_crop.jpg -7.02322912216 -0.420578956604 5.24018096924
00000529_undistorted_crop.jpg -7.02725410461 -0.42361998558 5.2385597229
00000530_undistorted_crop.jpg -7.02954006195 -0.42186999321 5.23866891861
00000531_undistorted_crop.jpg -7.03053855896 -0.418637037277 5.23554706573
00000532_undistorted_crop.jpg -7.03242683411 -0.42276763916 5.23533010483
00000533_undistorted_crop.jpg -7.03951597214 -0.422513246536 5.22383594513
00000534_undistorted_crop.jpg -7.04052734375 -0.417530298233 5.2237405777
00000535_undistorted_crop.jpg -7.04294633865 -0.414605140686 5.21960020065
00000536_undistorted_crop.jpg -7.04719352722 -0.409379959106 5.20078802109
00000537_undistorted_crop.jpg -7.03024959564 -0.40846991539 5.14778995514
00000538_undistorted_crop.jpg -7.00314044952 -0.408001184464 5.12347078323
00000539_undistorted_crop.jpg -6.98099899292 -0.401356101036 5.0892739296
00000540_undistorted_crop.jpg -6.95902919769 -0.396581292152 5.09490299225
00000541_undistorted_crop.jpg -6.93495321274 -0.384865880013 5.09595441818
00000542_undistorted_crop.jpg -6.91313648224 -0.366759181023 5.1208729744
00000543_undistorted_crop.jpg -6.88982629776 -0.367399096489 5.1154127121
00000544_undistorted_crop.jpg -6.88634395599 -0.348248720169 5.18338823318
00000545_undistorted_crop.jpg -6.8823390007 -0.340017914772 5.23129844666
00000546_undistorted_crop.jpg -6.87267303467 -0.325077533722 5.2638874054
00000547_undistorted_crop.jpg -6.91313791275 -0.28708422184 5.35632610321
00000548_undistorted_crop.jpg -6.92049598694 -0.277731239796 5.36504793167
00000549_undistorted_crop.jpg -6.89635562897 -0.283388257027 5.35074710846
00000550_undistorted_crop.jpg -6.90452957153 -0.28464114666 5.36119270325
00000551_undistorted_crop.jpg -6.89033603668 -0.272386789322 5.3611998558
00000552_undistorted_crop.jpg -6.89765644073 -0.275132238865 5.38516139984
00000553_undistorted_crop.jpg -6.89815950394 -0.274521708488 5.39893102646
00000554_undistorted_crop.jpg -6.8999505043 -0.269507646561 5.43567037582
00000555_undistorted_crop.jpg -6.89671993256 -0.244076371193 5.44876194
00000556_undistorted_crop.jpg -6.91442346573 -0.227382183075 5.45801019669
00000557_undistorted_crop.jpg -6.95533466339 -0.219106197357 5.47155094147
00000558_undistorted_crop.jpg -7.00179243088 -0.211930751801 5.48294878006
00000559_undistorted_crop.jpg -7.06496953964 -0.201944112778 5.48859405518
00000560_undistorted_crop.jpg -7.11203336716 -0.195173978806 5.49559497833
00000561_undistorted_crop.jpg -7.20107603073 -0.18336391449 5.48183298111
00000562_undistorted_crop.jpg -7.28726291656 -0.180979728699 5.47283172607
00000563_undistorted_crop.jpg -7.4080619812 -0.181954860687 5.45293045044
00000564_undistorted_crop.jpg -7.57246875763 -0.179227828979 5.44769620895
00000565_undistorted_crop.jpg -7.72964477539 -0.187229633331 5.44568157196
00000566_undistorted_crop.jpg -7.87114715576 -0.20013666153 5.45061397552
00000567_undistorted_crop.jpg -7.98950862885 -0.201941490173 5.46200370789
00000568_undistorted_crop.jpg -8.09265613556 -0.186609745026 5.48548650742
00000569_undistorted_crop.jpg -8.16246032715 -0.194710254669 5.49328327179
00000570_undistorted_crop.jpg -8.21837806702 -0.191505432129 5.5042886734
00000571_undistorted_crop.jpg -8.25695610046 -0.192695617676 5.51786470413
00000572_undistorted_crop.jpg -8.28566932678 -0.195425033569 5.523914814
00000573_undistorted_crop.jpg -8.3051404953 -0.193697929382 5.54938697815
00000574_undistorted_crop.jpg -8.29317474365 -0.214936733246 5.56106996536
00000575_undistorted_crop.jpg -8.27373695374 -0.23716878891 5.59071922302
00000576_undistorted_crop.jpg -8.24433612823 -0.240210056305 5.64022636414
00000577_undistorted_crop.jpg -8.20242500305 -0.265718460083 5.70313596725
00000578_undistorted_crop.jpg -8.03027820587 -0.713182687759 4.91064691544
00000579_undistorted_crop.jpg -8.01505184174 -0.31600522995 5.86779689789
00000580_undistorted_crop.jpg -7.91550445557 -0.342916488647 5.94684886932
00000581_undistorted_crop.jpg -7.77507543564 -0.35178232193 6.06919622421
00000582_undistorted_crop.jpg -7.59449958801 -0.349019765854 6.20574951172
00000583_undistorted_crop.jpg -7.37430095673 -0.352860450745 6.34968709946
00000584_undistorted_crop.jpg -7.18621444702 -0.38859462738 6.52651309967
00000585_undistorted_crop.jpg -7.05858516693 -0.393400669098 6.68727970123
00000586_undistorted_crop.jpg -6.98121738434 -0.394593238831 6.85923862457
00000587_undistorted_crop.jpg -6.94146347046 -0.385751247406 7.02922964096
00000588_undistorted_crop.jpg -6.92025852203 -0.366722345352 7.17750167847
00000589_undistorted_crop.jpg -6.95858478546 -0.326559066772 7.31748867035
00000590_undistorted_crop.jpg -7.05313205719 -0.292761802673 7.44823884964
00000591_undistorted_crop.jpg -7.18623065948 -0.26546216011 7.5849070549
00000592_undistorted_crop.jpg -7.33326864243 -0.267599105835 7.72527599335
00000593_undistorted_crop.jpg -7.4246969223 -0.272547960281 7.85555744171
00000594_undistorted_crop.jpg -7.51270198822 -0.292131900787 7.99803447723
00000595_undistorted_crop.jpg -7.56804513931 -0.296557426453 8.13951206207
00000596_undistorted_crop.jpg -7.6091003418 -0.274095535278 8.30730342865
00000597_undistorted_crop.jpg -7.63238573074 -0.270914554596 8.42303180695
00000598_undistorted_crop.jpg -7.62070798874 -0.267270088196 8.52178382874
00000599_undistorted_crop.jpg -7.57327365875 -0.267413139343 8.62536621094
00000600_undistorted_crop.jpg -7.53574752808 -0.284186840057 8.69898605347
00000601_undistorted_crop.jpg -7.48621892929 -0.293669223785 8.74885845184
00000602_undistorted_crop.jpg -7.44190359116 -0.301386356354 8.77860927582
00000603_undistorted_crop.jpg -7.40394306183 -0.31149148941 8.78978347778
00000604_undistorted_crop.jpg -7.36909294128 -0.315865516663 8.7874546051
00000605_undistorted_crop.jpg -7.34004974365 -0.317474365234 8.75891304016
00000606_undistorted_crop.jpg -7.32663869858 -0.297781944275 8.74042701721
00000607_undistorted_crop.jpg -7.3307723999 -0.309062480927 8.69095039368
00000608_undistorted_crop.jpg -7.3456659317 -0.310348033905 8.64918708801
00000609_undistorted_crop.jpg -7.35118961334 -0.311650276184 8.61023235321
00000610_undistorted_crop.jpg -7.36211776733 -0.311673164368 8.57035446167
00000611_undistorted_crop.jpg -7.3794336319 -0.307812213898 8.52639389038
00000612_undistorted_crop.jpg -7.40762329102 -0.30216550827 8.50463676453
00000613_undistorted_crop.jpg -7.42742681503 -0.312447547913 8.46441745758
00000614_undistorted_crop.jpg -7.43858337402 -0.310477733612 8.4708442688
00000615_undistorted_crop.jpg -7.43246889114 -0.303679466248 8.48559570312
00000616_undistorted_crop.jpg -7.40023326874 -0.309956550598 8.49290561676
00000617_undistorted_crop.jpg -7.35710144043 -0.308957576752 8.49731826782
00000618_undistorted_crop.jpg -7.30102062225 -0.346034049988 8.50259399414
00000619_undistorted_crop.jpg -7.21319198608 -0.377645015717 8.50067710876
00000620_undistorted_crop.jpg -7.11090421677 -0.404396533966 8.49413490295
00000621_undistorted_crop.jpg -6.9888086319 -0.440022945404 8.50358200073
00000622_undistorted_crop.jpg -6.83212041855 -0.499951839447 8.48603630066
00000623_undistorted_crop.jpg -6.61357593536 -0.54655957222 8.47548961639
00000624_undistorted_crop.jpg -6.35675001144 -0.57994222641 8.48401546478
00000625_undistorted_crop.jpg -6.06627750397 -0.495803356171 8.57518959045
00000626_undistorted_crop.jpg -5.88974285126 -0.418370962143 8.61959171295
00000627_undistorted_crop.jpg -6.0735874176 -0.609859287739 8.57574653625
00000628_undistorted_crop.jpg -5.98728227615 -0.545146286488 8.63154029846
00000629_undistorted_crop.jpg -5.98928928375 -0.533438682556 8.6594619751
00000630_undistorted_crop.jpg -5.88971662521 -0.553431034088 8.72642326355
00000631_undistorted_crop.jpg -5.6989107132 -0.555730938911 8.79496383667
00000632_undistorted_crop.jpg -5.44635486603 -0.524861693382 8.85318279266
00000633_undistorted_crop.jpg -5.28529691696 -0.527230262756 8.94838428497
00000634_undistorted_crop.jpg -5.13799571991 -0.538589954376 9.03127765656
00000635_undistorted_crop.jpg -4.98778915405 -0.543921709061 9.13935565948
00000636_undistorted_crop.jpg -4.78632926941 -0.550233364105 9.23591709137
00000637_undistorted_crop.jpg -4.5567035675 -0.557041406631 9.32566356659
00000638_undistorted_crop.jpg -4.42146205902 -0.56661438942 9.45273685455
00000639_undistorted_crop.jpg -4.26252937317 -0.553941249847 9.54853057861
00000640_undistorted_crop.jpg -4.07189941406 -0.542318582535 9.60619163513
00000641_undistorted_crop.jpg -3.92058825493 -0.543320417404 9.65575790405
00000642_undistorted_crop.jpg -3.75123286247 -0.529435873032 9.69367790222
00000643_undistorted_crop.jpg -3.590031147 -0.504678249359 9.70803356171
00000644_undistorted_crop.jpg -3.41035270691 -0.48156952858 9.70019245148
00000645_undistorted_crop.jpg -3.22699117661 -0.459850788116 9.65352249146
00000646_undistorted_crop.jpg -3.02972698212 -0.431332349777 9.57666492462
00000647_undistorted_crop.jpg -2.82776808739 -0.411388874054 9.46212768555
00000648_undistorted_crop.jpg -2.61774563789 -0.422026872635 9.32769680023
00000649_undistorted_crop.jpg -2.41593170166 -0.43110203743 9.19733715057
00000650_undistorted_crop.jpg -2.20067858696 -0.432100534439 9.09482383728
00000651_undistorted_crop.jpg -1.96749973297 -0.422482967377 8.98352622986
00000652_undistorted_crop.jpg -1.75385069847 -0.416812419891 8.90348625183
00000653_undistorted_crop.jpg -1.50294685364 -0.394112825394 8.84190273285
00000654_undistorted_crop.jpg -1.24855256081 -0.366276025772 8.78433227539
00000655_undistorted_crop.jpg -0.975697278976 -0.314708709717 8.71869087219
00000656_undistorted_crop.jpg -0.676194429398 -0.27308344841 8.67998123169
00000657_undistorted_crop.jpg -0.381930589676 -0.252589702606 8.67836380005
00000658_undistorted_crop.jpg -0.0710124969482 -0.275915622711 8.66440200806
00000659_undistorted_crop.jpg 0.225053548813 -0.290395021439 8.63904571533
00000660_undistorted_crop.jpg 0.4682970047 -0.297393798828 8.60409355164
00000661_undistorted_crop.jpg 0.726359605789 -0.290746212006 8.55271148682
00000662_undistorted_crop.jpg 0.979354381561 -0.268123626709 8.48010444641
00000663_undistorted_crop.jpg 1.23267698288 -0.233484268188 8.39932632446
00000664_undistorted_crop.jpg 1.46510839462 -0.186555624008 8.30810260773
00000665_undistorted_crop.jpg 1.71682357788 -0.153036117554 8.15452861786
00000666_undistorted_crop.jpg 1.97377276421 -0.127851009369 7.99640035629
00000667_undistorted_crop.jpg 2.25311923027 -0.146696805954 7.81428909302
00000668_undistorted_crop.jpg 2.50018596649 -0.158380150795 7.67412471771
00000669_undistorted_crop.jpg 2.74874329567 -0.167234778404 7.54363632202
00000670_undistorted_crop.jpg 2.99933242798 -0.162133097649 7.4219455719
00000671_undistorted_crop.jpg 3.25685834885 -0.156042814255 7.30184698105
00000672_undistorted_crop.jpg 3.5184674263 -0.124768257141 7.17094993591
00000673_undistorted_crop.jpg 3.79119873047 -0.0971690416336 7.05815505981
00000674_undistorted_crop.jpg 4.08341741562 -0.10523223877 6.9695224762
00000675_undistorted_crop.jpg 4.37987375259 -0.141715288162 6.86037349701
00000676_undistorted_crop.jpg 4.65821170807 -0.197791695595 6.72840309143
00000677_undistorted_crop.jpg 4.89728307724 -0.232736468315 6.55881118774
00000678_undistorted_crop.jpg 5.10725498199 -0.221677064896 6.34265041351
00000679_undistorted_crop.jpg 5.28757810593 -0.189580440521 6.10459709167
00000680_undistorted_crop.jpg 5.43215084076 -0.130675077438 5.83866786957
00000681_undistorted_crop.jpg 5.54294776917 -0.120978832245 5.53353071213
00000682_undistorted_crop.jpg 5.59611558914 -0.156542062759 5.20458889008
00000683_undistorted_crop.jpg 5.65277719498 -0.227202892303 4.89977645874
00000684_undistorted_crop.jpg 5.73194503784 -0.267186164856 4.59663772583
00000685_undistorted_crop.jpg 5.82000684738 -0.283970236778 4.31202220917
00000686_undistorted_crop.jpg 5.93550300598 -0.276453137398 4.01800870895
00000687_undistorted_crop.jpg 6.06193590164 -0.256179451942 3.72464680672
00000688_undistorted_crop.jpg 6.21614980698 -0.207176864147 3.42576622963
00000689_undistorted_crop.jpg 6.40890026093 -0.182871520519 3.16266155243
00000690_undistorted_crop.jpg 6.63161611557 -0.199622511864 2.88658475876
00000691_undistorted_crop.jpg 6.78682661057 -0.258429646492 2.63625741005
00000692_undistorted_crop.jpg 6.90260887146 -0.324843585491 2.38639068604
00000693_undistorted_crop.jpg 6.98403739929 -0.361457943916 2.14317965508
00000694_undistorted_crop.jpg 7.04893350601 -0.353010654449 1.89972519875
00000695_undistorted_crop.jpg 7.08433294296 -0.325983941555 1.66100001335
00000696_undistorted_crop.jpg 7.04750585556 -0.312526494265 1.40385341644
00000697_undistorted_crop.jpg 6.97868156433 -0.368665277958 1.15629851818
00000698_undistorted_crop.jpg 6.86651277542 -0.378807544708 0.844465911388
00000699_undistorted_crop.jpg 6.69950437546 -0.490041017532 0.551956892014
00000700_undistorted_crop.jpg 6.73028659821 -0.50188267231 0.215642929077
00000701_undistorted_crop.jpg 6.63340091705 -0.55230909586 -0.0330778360367
00000702_undistorted_crop.jpg 6.72772979736 -0.539371609688 -0.328727006912
00000703_undistorted_crop.jpg 6.77889204025 -0.529645204544 -0.5943557024
00000704_undistorted_crop.jpg 6.96868515015 -0.448076367378 -0.942565321922
00000705_undistorted_crop.jpg 7.06940460205 -0.409571528435 -1.09834730625
00000706_undistorted_crop.jpg 7.19165802002 -0.374343514442 -1.25517117977
00000707_undistorted_crop.jpg 7.31940841675 -0.360244274139 -1.38789916039
00000708_undistorted_crop.jpg 7.450258255 -0.354576945305 -1.50517082214
00000709_undistorted_crop.jpg 7.54957199097 -0.36318564415 -1.65235793591
00000710_undistorted_crop.jpg 7.62677717209 -0.378397107124 -1.79028606415
00000711_undistorted_crop.jpg 7.66868543625 -0.394499778748 -1.8805423975
00000712_undistorted_crop.jpg 7.75105857849 -0.374694108963 -1.97511851788
00000713_undistorted_crop.jpg 7.88600063324 -0.234595060349 -2.14173555374
00000714_undistorted_crop.jpg 7.95191287994 -0.239701509476 -2.25700974464
00000715_undistorted_crop.jpg 8.02927875519 -0.168067216873 -2.39209270477
00000716_undistorted_crop.jpg 8.05900764465 -0.133328437805 -2.54219579697
00000717_undistorted_crop.jpg 8.10297870636 -0.151284694672 -2.69345903397
00000718_undistorted_crop.jpg 8.08892822266 -0.158737182617 -2.79698038101
00000719_undistorted_crop.jpg 8.12180805206 -0.11386680603 -2.89428281784
00000720_undistorted_crop.jpg 8.04380321503 -0.0678372383118 -2.94309067726
00000721_undistorted_crop.jpg 7.73477125168 -0.177486419678 -3.13275742531
00000722_undistorted_crop.jpg 7.58816576004 -0.0109171867371 -3.16626214981
00000723_undistorted_crop.jpg 7.39669036865 0.103001356125 -3.24623370171
00000724_undistorted_crop.jpg 6.98020839691 0.0653176307678 -3.34264349937
00000725_undistorted_crop.jpg 6.90204906464 0.114043474197 -3.39839458466
00000726_undistorted_crop.jpg 6.66943454742 0.0600073337555 -3.4316945076
00000727_undistorted_crop.jpg 6.50333404541 0.0341949462891 -3.46951699257
00000728_undistorted_crop.jpg 6.34877252579 0.0283668041229 -3.47029161453
00000729_undistorted_crop.jpg 6.21565151215 0.0315306186676 -3.45798659325
00000730_undistorted_crop.jpg 6.11998748779 0.0122075080872 -3.45223903656
00000731_undistorted_crop.jpg 6.06440639496 0.000949621200562 -3.44953918457
00000732_undistorted_crop.jpg 6.03987360001 -0.0120713710785 -3.42028665543
00000733_undistorted_crop.jpg 6.01573371887 0.00143265724182 -3.39697504044
00000734_undistorted_crop.jpg 5.9558057785 0.0283335447311 -3.35633087158
00000735_undistorted_crop.jpg 5.90866088867 0.0743952989578 -3.33930015564
00000736_undistorted_crop.jpg 5.89846467972 0.111135363579 -3.31418943405
00000737_undistorted_crop.jpg 5.89311695099 0.129871487617 -3.30599617958
00000738_undistorted_crop.jpg 5.88411712646 0.131384730339 -3.28278660774
00000739_undistorted_crop.jpg 5.91437005997 0.146923780441 -3.29357171059
00000740_undistorted_crop.jpg 5.92565250397 0.155745148659 -3.29505085945
00000741_undistorted_crop.jpg 5.9240937233 0.140758752823 -3.29746556282
00000742_undistorted_crop.jpg 5.93139362335 0.114761710167 -3.29782295227
00000743_undistorted_crop.jpg 6.00248670578 0.103647351265 -3.30871891975
00000744_undistorted_crop.jpg 6.05409288406 0.0915105342865 -3.3441619873
00000745_undistorted_crop.jpg 6.09486865997 0.0967798233032 -3.35734128952
00000746_undistorted_crop.jpg 6.10901212692 0.0893573760986 -3.35335850716
00000747_undistorted_crop.jpg 6.12072467804 0.0896253585815 -3.34834527969
00000748_undistorted_crop.jpg 6.12545967102 0.0918786525726 -3.34293460846
