00000001_undistorted_crop.jpg 5.49047279358 -0.525369882584 -3.38451910019
00000002_undistorted_crop.jpg 5.49037742615 -0.519682765007 -3.38534426689
00000003_undistorted_crop.jpg 5.48999643326 -0.5183583498 -3.38492012024
00000004_undistorted_crop.jpg 5.4907989502 -0.525193452835 -3.38515639305
00000005_undistorted_crop.jpg 5.48949193954 -0.52596372366 -3.38218307495
00000006_undistorted_crop.jpg 5.48898124695 -0.522790551186 -3.38230586052
00000007_undistorted_crop.jpg 5.49901723862 -0.506724476814 -3.40174913406
00000008_undistorted_crop.jpg 5.50302362442 -0.506618976593 -3.41387939453
00000009_undistorted_crop.jpg 5.48356437683 -0.499462991953 -3.43384981155
00000010_undistorted_crop.jpg 5.47126626968 -0.482231616974 -3.48837590218
00000011_undistorted_crop.jpg 5.54378414154 -0.461316347122 -3.58827400208
00000012_undistorted_crop.jpg 5.51509571075 -0.404056549072 -3.65481185913
00000013_undistorted_crop.jpg 5.54841041565 -0.406692743301 -3.7287607193
00000014_undistorted_crop.jpg 5.57558822632 -0.375028371811 -3.79897689819
00000015_undistorted_crop.jpg 5.55894851685 -0.367088794708 -3.83375358582
00000016_undistorted_crop.jpg 5.57857322693 -0.367782473564 -3.87184906006
00000017_undistorted_crop.jpg 5.63862991333 -0.357511997223 -3.87394404411
00000018_undistorted_crop.jpg 5.75488185883 -0.334005713463 -3.88090252876
00000019_undistorted_crop.jpg 5.88346624374 -0.304019331932 -3.81732225418
00000020_undistorted_crop.jpg 6.0157866478 -0.287497520447 -3.73346185684
00000021_undistorted_crop.jpg 6.04810905457 -0.288744211197 -3.58651781082
00000022_undistorted_crop.jpg 6.12023305893 -0.274597406387 -3.36851620674
00000023_undistorted_crop.jpg 6.18228816986 -0.305835008621 -3.067466259
00000024_undistorted_crop.jpg 6.27301025391 -0.307192087173 -2.70520114899
00000025_undistorted_crop.jpg 6.26389455795 -0.340350151062 -2.34746909142
00000026_undistorted_crop.jpg 6.30832862854 -0.312824010849 -2.05545330048
00000027_undistorted_crop.jpg 6.35047101974 -0.340799570084 -1.8588142395
00000028_undistorted_crop.jpg 6.36606168747 -0.374782085419 -1.72488486767
00000029_undistorted_crop.jpg 6.40084314346 -0.389043331146 -1.62966072559
00000030_undistorted_crop.jpg 6.69916534424 -0.274279356003 -1.50326013565
00000031_undistorted_crop.jpg 6.70371437073 -0.207015275955 -1.4117000103
00000032_undistorted_crop.jpg 6.85488939285 0.0283113718033 -0.70311832428
00000033_undistorted_crop.jpg 6.62534999847 0.0493990182877 -0.525651574135
00000034_undistorted_crop.jpg 6.39182090759 0.0267747342587 -0.350889325142
00000035_undistorted_crop.jpg 6.18755483627 0.0331936478615 -0.244235724211
00000036_undistorted_crop.jpg 6.15115404129 0.0133011341095 -0.397825241089
00000037_undistorted_crop.jpg 6.19983911514 0.0324432849884 -0.496194839478
00000038_undistorted_crop.jpg 6.23510932922 0.0588865280151 -0.54053068161
00000039_undistorted_crop.jpg 6.23461914062 0.0478953123093 -0.545244216919
00000040_undistorted_crop.jpg 6.17871570587 0.0596476793289 -0.512162923813
00000041_undistorted_crop.jpg 6.07703304291 0.0769022703171 -0.486109733582
00000042_undistorted_crop.jpg 5.91336536407 0.090772986412 -0.479583978653
00000043_undistorted_crop.jpg 5.69855690002 0.0933380126953 -0.492647171021
00000044_undistorted_crop.jpg 5.43213844299 0.114065766335 -0.528476476669
00000045_undistorted_crop.jpg 5.17597436905 0.121232151985 -0.590794801712
00000046_undistorted_crop.jpg 4.89617300034 0.0632035732269 -0.64587521553
00000047_undistorted_crop.jpg 4.61396455765 0.034862279892 -0.680356383324
00000048_undistorted_crop.jpg 4.3513917923 0.0100699663162 -0.730180740356
00000049_undistorted_crop.jpg 4.09377288818 -0.00383138656616 -0.749328136444
00000050_undistorted_crop.jpg 3.80539131165 0.0085723400116 -0.725921988487
00000051_undistorted_crop.jpg 3.50545597076 0.0226647853851 -0.687550187111
00000052_undistorted_crop.jpg 3.19212698936 0.0580654144287 -0.617967307568
00000053_undistorted_crop.jpg 2.85370397568 0.0636766552925 -0.512530207634
00000054_undistorted_crop.jpg 2.47418045998 0.0523551106453 -0.319728136063
00000055_undistorted_crop.jpg 2.12319612503 -0.00331401824951 -0.178032815456
00000056_undistorted_crop.jpg 1.80221271515 -0.0517132282257 -0.054546713829
00000057_undistorted_crop.jpg 1.47697222233 -0.0602450072765 0.0538998246193
00000058_undistorted_crop.jpg 1.14222073555 -0.0458718836308 0.150313407183
00000059_undistorted_crop.jpg 0.808798134327 -0.0185108929873 0.236635744572
00000060_undistorted_crop.jpg 0.45567214489 0.0356006994843 0.345495223999
00000061_undistorted_crop.jpg 0.119058579206 0.0733903348446 0.443492114544
00000062_undistorted_crop.jpg -0.237945348024 0.0109623372555 0.543137073517
00000063_undistorted_crop.jpg -0.511591732502 -0.072992131114 0.625882327557
00000064_undistorted_crop.jpg -0.807940840721 -0.162492930889 0.769868910313
00000065_undistorted_crop.jpg -1.09693849087 -0.194622039795 0.915518939495
00000066_undistorted_crop.jpg -1.36163496971 -0.181392222643 1.07315385342
00000067_undistorted_crop.jpg -1.60941243172 -0.137127578259 1.27526247501
00000068_undistorted_crop.jpg -1.82995533943 -0.127909660339 1.49484086037
00000069_undistorted_crop.jpg -2.0827627182 -0.146731555462 1.77432572842
00000070_undistorted_crop.jpg -2.30520009995 -0.22559517622 2.02705454826
00000071_undistorted_crop.jpg -2.56452727318 -0.261771142483 2.26939082146
00000072_undistorted_crop.jpg -2.8187251091 -0.261619150639 2.52424526215
00000073_undistorted_crop.jpg -3.0714533329 -0.23374581337 2.76918101311
00000074_undistorted_crop.jpg -3.31813621521 -0.18417096138 3.00738787651
00000075_undistorted_crop.jpg -3.59204435349 -0.220606565475 3.03867411613
00000076_undistorted_crop.jpg -3.81675386429 -0.226795077324 3.23596644402
00000077_undistorted_crop.jpg -4.05697774887 -0.272762775421 3.37013244629
00000078_undistorted_crop.jpg -4.19176435471 -0.294901371002 3.527780056
00000079_undistorted_crop.jpg -4.57324409485 -0.18341588974 4.02796506882
00000080_undistorted_crop.jpg -4.75012159348 -0.153262138367 4.34375
00000081_undistorted_crop.jpg -4.82952690125 -0.177856206894 4.54163503647
00000082_undistorted_crop.jpg -4.81800556183 -0.207375049591 4.68157577515
00000083_undistorted_crop.jpg -4.87162017822 -0.282333374023 4.90407562256
00000084_undistorted_crop.jpg -4.98866796494 -0.3306183815 5.24013519287
00000085_undistorted_crop.jpg -5.11027288437 -0.361505746841 5.57854413986
00000086_undistorted_crop.jpg -5.23184347153 -0.411805152893 5.86632585526
00000087_undistorted_crop.jpg -5.38689613342 -0.408709287643 6.16126585007
00000088_undistorted_crop.jpg -5.53834724426 -0.402088880539 6.40122509003
00000089_undistorted_crop.jpg -5.6708574295 -0.366266727448 6.63420391083
00000090_undistorted_crop.jpg -5.82901000977 -0.348570108414 6.8439822197
00000091_undistorted_crop.jpg -5.99451541901 -0.380070209503 7.04505968094
00000092_undistorted_crop.jpg -6.11555671692 -0.434571743011 7.19124794006
00000093_undistorted_crop.jpg -6.21537399292 -0.477195501328 7.42177343369
00000094_undistorted_crop.jpg -6.27205181122 -0.490590810776 7.60671901703
00000095_undistorted_crop.jpg -6.31948852539 -0.460602760315 7.87078046799
00000096_undistorted_crop.jpg -6.31743335724 -0.425367236137 8.1134595871
00000097_undistorted_crop.jpg -6.25927734375 -0.43451821804 8.3698091507
00000098_undistorted_crop.jpg -6.15670537949 -0.38493347168 8.54139709473
00000099_undistorted_crop.jpg -6.01037311554 -0.359925270081 8.76567840576
00000100_undistorted_crop.jpg -5.9217877388 -0.35656273365 9.01336193085
00000101_undistorted_crop.jpg -5.89921855927 -0.357718765736 9.27524089813
00000102_undistorted_crop.jpg -5.73563957214 -0.361710727215 9.29483318329
00000103_undistorted_crop.jpg -5.65394163132 -0.340292096138 9.33872890472
00000104_undistorted_crop.jpg -5.49300479889 -0.385320901871 9.31208515167
00000105_undistorted_crop.jpg -5.34127521515 -0.394542396069 9.27891635895
00000106_undistorted_crop.jpg -5.23180341721 -0.35163718462 9.21773147583
00000107_undistorted_crop.jpg -5.01390743256 -0.326732993126 9.10248279572
00000108_undistorted_crop.jpg -5.0082616806 -0.327495574951 9.10517978668
00000109_undistorted_crop.jpg -5.0008058548 -0.335208535194 9.09501934052
00000110_undistorted_crop.jpg -4.8269534111 -0.32900673151 9.0177898407
00000111_undistorted_crop.jpg -4.76220798492 -0.327219903469 8.98240470886
00000112_undistorted_crop.jpg -4.793612957 -0.324009209871 8.95026493073
00000113_undistorted_crop.jpg -4.79363250732 -0.324005663395 8.95033931732
00000114_undistorted_crop.jpg -4.84895324707 -0.337746202946 8.97564315796
00000115_undistorted_crop.jpg -4.85831832886 -0.338512778282 8.99996948242
00000116_undistorted_crop.jpg -4.94331359863 -0.335226416588 8.99968147278
00000117_undistorted_crop.jpg -5.08366394043 -0.350636214018 9.07287311554
00000118_undistorted_crop.jpg -5.17239093781 -0.359785199165 9.11098098755
00000119_undistorted_crop.jpg -5.25328731537 -0.384137809277 9.17844009399
00000120_undistorted_crop.jpg -5.32899236679 -0.395990312099 9.20515632629
00000121_undistorted_crop.jpg -5.32916736603 -0.395917743444 9.2054233551
00000122_undistorted_crop.jpg -5.39789772034 -0.39597672224 9.23553466797
00000123_undistorted_crop.jpg -5.41890478134 -0.397247374058 9.22350311279
00000124_undistorted_crop.jpg -5.42520618439 -0.394423663616 9.22085952759
00000125_undistorted_crop.jpg -5.40330219269 -0.389799714088 9.2057723999
00000126_undistorted_crop.jpg -5.36175918579 -0.38977432251 9.18225669861
00000127_undistorted_crop.jpg -5.35737419128 -0.399695456028 9.15441322327
00000128_undistorted_crop.jpg -5.39616918564 -0.366612911224 9.12928199768
00000129_undistorted_crop.jpg -5.38073396683 -0.375165462494 9.10867023468
00000130_undistorted_crop.jpg -5.38030815125 -0.369933843613 9.12226581573
00000131_undistorted_crop.jpg -5.39633464813 -0.367013454437 9.13960075378
00000132_undistorted_crop.jpg -5.36847066879 -0.370524764061 9.15346622467
00000133_undistorted_crop.jpg -5.38934755325 -0.361846208572 9.2066192627
00000134_undistorted_crop.jpg -5.42248630524 -0.389798402786 9.29829502106
00000135_undistorted_crop.jpg -5.4446516037 -0.414716959 9.30339050293
00000136_undistorted_crop.jpg -5.44172763824 -0.414519548416 9.29894065857
00000137_undistorted_crop.jpg -5.46805095673 -0.50507235527 9.25496101379
00000138_undistorted_crop.jpg -5.44671392441 -0.506547927856 9.22418022156
00000139_undistorted_crop.jpg -5.5296216011 -0.489238977432 9.14764022827
00000140_undistorted_crop.jpg -5.63222455978 -0.483492612839 9.1344461441
00000141_undistorted_crop.jpg -5.72437667847 -0.476212024689 9.1245470047
00000142_undistorted_crop.jpg -5.72475099564 -0.709292411804 8.82812309265
00000143_undistorted_crop.jpg -5.73987960815 -0.669288158417 8.89272785187
00000144_undistorted_crop.jpg -5.76545333862 -0.657807826996 8.93731784821
00000145_undistorted_crop.jpg -5.72480297089 -0.708677530289 8.82913017273
00000146_undistorted_crop.jpg -5.65945863724 -0.689296960831 8.81556415558
00000147_undistorted_crop.jpg -5.52726840973 -0.476788282394 9.03714084625
00000148_undistorted_crop.jpg -5.54716396332 -0.511517047882 9.06876087189
00000149_undistorted_crop.jpg -5.62037324905 -0.501177608967 9.13226699829
00000150_undistorted_crop.jpg -5.39734697342 -0.562580704689 9.1503238678
00000151_undistorted_crop.jpg -5.16946601868 -0.562353849411 9.08379459381
00000152_undistorted_crop.jpg -4.72894859314 -0.473550915718 8.98219203949
00000153_undistorted_crop.jpg -4.48019456863 -0.506172657013 8.83867549896
00000154_undistorted_crop.jpg -4.17002010345 -0.517159938812 8.73474884033
00000155_undistorted_crop.jpg -3.86360287666 -0.500822424889 8.68134593964
00000156_undistorted_crop.jpg -3.57712507248 -0.475435733795 8.63547229767
00000157_undistorted_crop.jpg -3.23902273178 -0.417454600334 8.6414308548
00000158_undistorted_crop.jpg -2.90003252029 -0.344641208649 8.67184257507
00000159_undistorted_crop.jpg -2.54878926277 -0.273312330246 8.73522090912
00000160_undistorted_crop.jpg -2.21097874641 -0.234192013741 8.8184633255
00000161_undistorted_crop.jpg -1.83319354057 -0.254832446575 8.95239639282
00000162_undistorted_crop.jpg -1.52274978161 -0.308148264885 9.02657318115
00000163_undistorted_crop.jpg -1.2269089222 -0.357484430075 9.06521511078
00000164_undistorted_crop.jpg -1.04809081554 -0.324052035809 9.07783126831
00000165_undistorted_crop.jpg -0.855748176575 -0.308656185865 9.09333705902
00000166_undistorted_crop.jpg -0.55549967289 -0.240878403187 9.05540752411
00000167_undistorted_crop.jpg -0.22329223156 -0.175663590431 8.99401092529
00000168_undistorted_crop.jpg 0.167423009872 -0.0701937675476 8.94882011414
00000169_undistorted_crop.jpg 0.546674013138 -0.0965986251831 8.87816333771
00000170_undistorted_crop.jpg 0.912430763245 -0.163509607315 8.8467168808
00000171_undistorted_crop.jpg 1.2315299511 -0.182625293732 8.84268188477
00000172_undistorted_crop.jpg 1.50649428368 -0.179556846619 8.96791744232
00000173_undistorted_crop.jpg 1.73523306847 -0.143529891968 9.10906887054
00000174_undistorted_crop.jpg 1.94472098351 -0.0874569416046 9.23721122742
00000175_undistorted_crop.jpg 2.12892866135 -0.046156167984 9.41260242462
00000176_undistorted_crop.jpg 2.31285715103 -0.0522449016571 9.57495689392
00000177_undistorted_crop.jpg 2.50837564468 -0.0977292060852 9.72658348083
00000178_undistorted_crop.jpg 2.73256587982 -0.13604593277 9.85112953186
00000179_undistorted_crop.jpg 2.9515004158 -0.155883312225 9.92572975159
00000180_undistorted_crop.jpg 3.17721009254 -0.11706829071 10.0254735947
00000181_undistorted_crop.jpg 3.39432048798 -0.100735664368 10.1126060486
00000182_undistorted_crop.jpg 3.55169916153 -0.096905708313 10.1992015839
00000183_undistorted_crop.jpg 3.65575766563 -0.121037483215 10.2392606735
00000184_undistorted_crop.jpg 3.70145273209 -0.120565891266 10.2795677185
00000185_undistorted_crop.jpg 3.74575996399 -0.110142707825 10.2813386917
00000186_undistorted_crop.jpg 3.75897073746 -0.0879731178284 10.3073377609
00000187_undistorted_crop.jpg 3.76073932648 -0.0945734977722 10.2751255035
00000188_undistorted_crop.jpg 3.7423992157 -0.0893144607544 10.2685375214
00000189_undistorted_crop.jpg 3.72028970718 -0.0971670150757 10.242600441
00000190_undistorted_crop.jpg 3.69205379486 -0.101366996765 10.2321987152
00000191_undistorted_crop.jpg 3.64008760452 -0.092188835144 10.2430887222
00000192_undistorted_crop.jpg 3.60102057457 -0.0827569961548 10.2402944565
00000193_undistorted_crop.jpg 3.55227208138 -0.0853743553162 10.2311210632
00000194_undistorted_crop.jpg 3.50183057785 -0.0850481987 10.2211112976
00000195_undistorted_crop.jpg 3.47688531876 -0.0706224441528 10.2195682526
00000196_undistorted_crop.jpg 3.44728517532 -0.0678210258484 10.2063684464
00000197_undistorted_crop.jpg 3.41873788834 -0.0694890022278 10.2213439941
00000198_undistorted_crop.jpg 3.39754104614 -0.0698232650757 10.2239608765
00000199_undistorted_crop.jpg 3.37492251396 -0.0603241920471 10.2496452332
00000200_undistorted_crop.jpg 3.37870287895 -0.0607719421387 10.232673645
00000201_undistorted_crop.jpg 3.38163852692 -0.0623526573181 10.219247818
00000202_undistorted_crop.jpg 3.38313770294 -0.0710353851318 10.2024116516
00000203_undistorted_crop.jpg 3.374604702 -0.0723547935486 10.2047672272
00000204_undistorted_crop.jpg 3.36388444901 -0.0716490745544 10.2025928497
00000205_undistorted_crop.jpg 3.37092018127 -0.0781750679016 10.1964797974
00000206_undistorted_crop.jpg 3.36673498154 -0.0767598152161 10.1802940369
00000207_undistorted_crop.jpg 3.36808156967 -0.083423614502 10.1825828552
00000208_undistorted_crop.jpg 3.37152099609 -0.0824675559998 10.1742134094
00000209_undistorted_crop.jpg 3.35486888885 -0.0871000289917 10.1661510468
00000210_undistorted_crop.jpg 3.35616993904 -0.0903739929199 10.167011261
00000211_undistorted_crop.jpg 3.35152792931 -0.0912575721741 10.1561508179
00000212_undistorted_crop.jpg 3.34212493896 -0.0897312164307 10.1556529999
00000213_undistorted_crop.jpg 3.32953071594 -0.087306022644 10.1565847397
00000214_undistorted_crop.jpg 3.30873346329 -0.0830230712891 10.1529550552
00000215_undistorted_crop.jpg 3.2866101265 -0.0753817558289 10.153678894
00000216_undistorted_crop.jpg 3.27253031731 -0.0747900009155 10.1628484726
00000217_undistorted_crop.jpg 3.25435209274 -0.0703840255737 10.1531276703
00000218_undistorted_crop.jpg 3.24150800705 -0.0683760643005 10.1498394012
00000219_undistorted_crop.jpg 3.22864747047 -0.0693507194519 10.1473808289
00000220_undistorted_crop.jpg 3.21593379974 -0.0709657669067 10.1411361694
00000221_undistorted_crop.jpg 3.20474267006 -0.0697493553162 10.1416072845
00000222_undistorted_crop.jpg 3.19222998619 -0.062557220459 10.1473464966
00000223_undistorted_crop.jpg 3.18419551849 -0.0544276237488 10.1534481049
00000224_undistorted_crop.jpg 3.17506361008 -0.0543184280396 10.1569013596
00000225_undistorted_crop.jpg 3.17013549805 -0.0630130767822 10.1428127289
00000226_undistorted_crop.jpg 3.18969845772 -0.0691723823547 10.1081218719
00000227_undistorted_crop.jpg 3.19435763359 -0.0665230751038 10.1246204376
00000228_undistorted_crop.jpg 3.2211625576 -0.083833694458 10.1110086441
00000229_undistorted_crop.jpg 3.25320768356 -0.090612411499 10.1129398346
00000230_undistorted_crop.jpg 3.3029384613 -0.107364177704 10.1088199615
00000231_undistorted_crop.jpg 3.31393885612 -0.0979986190796 10.1478729248
00000232_undistorted_crop.jpg 3.36695075035 -0.10461807251 10.1347293854
00000233_undistorted_crop.jpg 3.40520429611 -0.110146045685 10.1311998367
00000234_undistorted_crop.jpg 3.43629837036 -0.112494945526 10.1319503784
00000235_undistorted_crop.jpg 3.46429347992 -0.113296031952 10.1366348267
00000236_undistorted_crop.jpg 3.50748443604 -0.110934734344 10.1266212463
00000237_undistorted_crop.jpg 3.53706645966 -0.121739864349 10.1034297943
00000238_undistorted_crop.jpg 3.5809366703 -0.123467922211 10.1149902344
00000239_undistorted_crop.jpg 3.62010002136 -0.134655475616 10.0894184113
00000240_undistorted_crop.jpg 3.65347528458 -0.131666660309 10.0990810394
00000241_undistorted_crop.jpg 3.66855812073 -0.137801170349 10.1039495468
00000242_undistorted_crop.jpg 3.68839216232 -0.131850719452 10.1332759857
00000243_undistorted_crop.jpg 3.76696872711 -0.0626535415649 10.2256240845
00000245_undistorted_crop.jpg 4.04537677765 0.00751066207886 10.225271225
00000246_undistorted_crop.jpg 4.15058708191 0.0355350971222 10.1367664337
00000247_undistorted_crop.jpg 4.06919431686 0.000998258590698 10.0252714157
00000248_undistorted_crop.jpg 3.97056865692 -0.0201349258423 9.93295574188
00000249_undistorted_crop.jpg 3.93443346024 0.0260093212128 9.82040023804
00000250_undistorted_crop.jpg 3.85969853401 0.0948173999786 9.66985702515
00000254_undistorted_crop.jpg 2.84675908089 -0.0311002731323 8.8049621582
00000255_undistorted_crop.jpg 2.3391058445 0.010232925415 8.74074745178
00000256_undistorted_crop.jpg 2.01883435249 0.0524027347565 8.574426651
00000257_undistorted_crop.jpg 1.87188875675 0.0579320192337 8.36911773682
00000258_undistorted_crop.jpg 1.71290969849 0.0519597530365 8.22032928467
00000259_undistorted_crop.jpg 1.49241030216 0.0832711160183 8.15861034393
00000260_undistorted_crop.jpg 1.25195908546 0.105270922184 8.13034439087
00000261_undistorted_crop.jpg 0.998044371605 0.130532026291 8.13178539276
00000262_undistorted_crop.jpg 0.544374525547 0.163214370608 8.14000606537
00000263_undistorted_crop.jpg 0.253213047981 0.100544951856 8.25336742401
00000264_undistorted_crop.jpg -0.0787584111094 0.0278512779623 8.31797885895
00000265_undistorted_crop.jpg -0.416617453098 -0.0230187792331 8.3121843338
00000266_undistorted_crop.jpg -0.668423652649 -0.0403142049909 8.3056974411
00000267_undistorted_crop.jpg -0.962040007114 -0.0411863438785 8.24479389191
00000268_undistorted_crop.jpg -1.24939191341 -0.0124225392938 8.17305469513
00000269_undistorted_crop.jpg -1.54624116421 0.0260956734419 8.0678062439
00000270_undistorted_crop.jpg -1.84689116478 0.0470099747181 7.93714380264
00000271_undistorted_crop.jpg -2.13732719421 0.00826635956764 7.78118753433
00000272_undistorted_crop.jpg -2.40018725395 -0.0549089312553 7.66305208206
00000273_undistorted_crop.jpg -2.65159702301 -0.105139285326 7.56641769409
00000274_undistorted_crop.jpg -2.91116476059 -0.130212247372 7.4824051857
00000275_undistorted_crop.jpg -3.18960523605 -0.118704915047 7.38886880875
00000276_undistorted_crop.jpg -3.50504207611 -0.0688518285751 7.28573417664
00000277_undistorted_crop.jpg -3.80084228516 -0.0582872629166 7.23262786865
00000278_undistorted_crop.jpg -4.09440898895 -0.0549357533455 7.19923448563
00000279_undistorted_crop.jpg -4.35267925262 -0.118353426456 7.16754007339
00000280_undistorted_crop.jpg -4.61767911911 -0.152105569839 7.12303209305
00000281_undistorted_crop.jpg -4.89506912231 -0.172296345234 7.03185176849
00000282_undistorted_crop.jpg -5.12779140472 -0.178444623947 6.94023656845
00000283_undistorted_crop.jpg -5.37867450714 -0.160280108452 6.82493066788
00000284_undistorted_crop.jpg -5.60562562943 -0.134071469307 6.69614839554
00000285_undistorted_crop.jpg -5.83416604996 -0.0902863740921 6.52632284164
00000286_undistorted_crop.jpg -6.06965780258 -0.0970383882523 6.35027313232
00000287_undistorted_crop.jpg -6.27297973633 -0.131539106369 6.19776391983
00000288_undistorted_crop.jpg -6.49092197418 -0.151884794235 6.07573461533
00000289_undistorted_crop.jpg -6.69655323029 -0.174048662186 5.98915052414
00000290_undistorted_crop.jpg -6.89332389832 -0.184531211853 5.91047382355
00000291_undistorted_crop.jpg -7.07573604584 -0.198441028595 5.86769962311
00000292_undistorted_crop.jpg -7.23641872406 -0.204333782196 5.85750198364
00000293_undistorted_crop.jpg -7.37870883942 -0.216235876083 5.87927293777
00000294_undistorted_crop.jpg -7.53257465363 -0.237291812897 5.89086341858
00000295_undistorted_crop.jpg -7.62945365906 -0.288043260574 5.84952020645
00000296_undistorted_crop.jpg -7.79380512238 -0.274075746536 5.85671138763
00000297_undistorted_crop.jpg -7.89740991592 -0.26930308342 5.84273815155
00000298_undistorted_crop.jpg -7.97624778748 -0.273128986359 5.80831241608
00000299_undistorted_crop.jpg -8.00301933289 -0.274543762207 5.76443624496
00000300_undistorted_crop.jpg -8.03105354309 -0.268200874329 5.71705245972
00000301_undistorted_crop.jpg -8.03559589386 -0.27579164505 5.65717315674
00000302_undistorted_crop.jpg -8.04321956635 -0.284698486328 5.595038414
00000303_undistorted_crop.jpg -8.03663539886 -0.279396057129 5.55158424377
00000304_undistorted_crop.jpg -8.05321311951 -0.266170501709 5.50655031204
00000305_undistorted_crop.jpg -8.06668758392 -0.239583015442 5.47822380066
00000306_undistorted_crop.jpg -8.05458259583 -0.251864433289 5.40624475479
00000307_undistorted_crop.jpg -8.04080486298 -0.250538349152 5.38092708588
00000308_undistorted_crop.jpg -7.99980592728 -0.274460315704 5.36187362671
00000309_undistorted_crop.jpg -7.9627623558 -0.262350559235 5.31896448135
00000310_undistorted_crop.jpg -7.93193721771 -0.248075485229 5.31926631927
00000311_undistorted_crop.jpg -7.91548633575 -0.236222743988 5.32783508301
00000312_undistorted_crop.jpg -7.91723537445 -0.230791091919 5.32956314087
00000313_undistorted_crop.jpg -7.91461849213 -0.227845191956 5.33424139023
00000314_undistorted_crop.jpg -7.91598892212 -0.225154876709 5.33751916885
00000315_undistorted_crop.jpg -7.90869235992 -0.230152130127 5.34200763702
00000316_undistorted_crop.jpg -7.90930652618 -0.225824356079 5.34938907623
00000317_undistorted_crop.jpg -7.91526031494 -0.220642566681 5.34255838394
00000318_undistorted_crop.jpg -7.91741514206 -0.22016620636 5.3412399292
00000319_undistorted_crop.jpg -7.91844654083 -0.224978923798 5.34406089783
00000320_undistorted_crop.jpg -7.91516971588 -0.224063873291 5.33704662323
00000321_undistorted_crop.jpg -7.91611289978 -0.220942497253 5.34114074707
00000322_undistorted_crop.jpg -7.91261005402 -0.227778434753 5.33723831177
00000323_undistorted_crop.jpg -7.90856933594 -0.226659297943 5.34075307846
00000324_undistorted_crop.jpg -7.93608379364 -0.209102630615 5.33607196808
00000325_undistorted_crop.jpg -7.92581272125 -0.235677242279 5.31782865524
00000326_undistorted_crop.jpg -7.9269990921 -0.231256008148 5.32053089142
00000327_undistorted_crop.jpg -7.92690753937 -0.231042861938 5.32171726227
00000328_undistorted_crop.jpg -7.92693042755 -0.231534004211 5.32290744781
00000329_undistorted_crop.jpg -7.92648649216 -0.232114315033 5.32298183441
00000330_undistorted_crop.jpg -7.92700862885 -0.233017921448 5.32088375092
00000331_undistorted_crop.jpg -7.9294257164 -0.23256778717 5.32187271118
00000332_undistorted_crop.jpg -7.92848205566 -0.235543251038 5.31990766525
00000333_undistorted_crop.jpg -7.92902851105 -0.233231544495 5.32196950912
00000334_undistorted_crop.jpg -7.92879152298 -0.232970237732 5.32213973999
00000335_undistorted_crop.jpg -7.92867565155 -0.233237266541 5.32217502594
00000336_undistorted_crop.jpg -7.93347978592 -0.230357170105 5.31711387634
00000337_undistorted_crop.jpg -7.9337015152 -0.228761672974 5.32718372345
00000338_undistorted_crop.jpg -7.93278312683 -0.231630802155 5.31166172028
00000339_undistorted_crop.jpg -7.93573856354 -0.235113143921 5.30109119415
00000340_undistorted_crop.jpg -7.93469333649 -0.229960441589 5.30653095245
00000341_undistorted_crop.jpg -7.92718744278 -0.23637342453 5.30288314819
00000342_undistorted_crop.jpg -7.9400844574 -0.236054420471 5.31001853943
00000343_undistorted_crop.jpg -7.93109989166 -0.240332603455 5.31193733215
00000344_undistorted_crop.jpg -7.93674850464 -0.235394477844 5.31953525543
00000345_undistorted_crop.jpg -7.93240070343 -0.235724925995 5.32178974152
00000346_undistorted_crop.jpg -7.93524360657 -0.235423088074 5.32053375244
00000347_undistorted_crop.jpg -7.93826580048 -0.235420703888 5.31876182556
00000348_undistorted_crop.jpg -7.9406747818 -0.234104156494 5.31757926941
00000349_undistorted_crop.jpg -7.94176435471 -0.232944488525 5.31633090973
00000350_undistorted_crop.jpg -7.94282245636 -0.23144197464 5.31667137146
00000351_undistorted_crop.jpg -7.94268703461 -0.231586456299 5.3165178299
00000352_undistorted_crop.jpg -7.94154453278 -0.233325958252 5.31614971161
00000353_undistorted_crop.jpg -7.94030189514 -0.233119487762 5.31824207306
00000354_undistorted_crop.jpg -7.93739414215 -0.236723899841 5.31808853149
00000355_undistorted_crop.jpg -7.93550443649 -0.237849235535 5.31950092316
00000356_undistorted_crop.jpg -7.93500852585 -0.239053249359 5.31951618195
00000357_undistorted_crop.jpg -7.93495368958 -0.236029148102 5.32238388062
00000358_undistorted_crop.jpg -7.9340171814 -0.240598201752 5.32000017166
00000359_undistorted_crop.jpg -7.93682765961 -0.236239433289 5.32165145874
00000360_undistorted_crop.jpg -7.94166278839 -0.23868227005 5.31695699692
00000361_undistorted_crop.jpg -7.99041891098 -0.228786468506 5.32878684998
00000362_undistorted_crop.jpg -8.0487651825 -0.243304252625 5.34349250793
00000363_undistorted_crop.jpg -8.06640052795 -0.290261268616 5.36457061768
00000364_undistorted_crop.jpg -8.08530426025 -0.31853723526 5.42092704773
00000365_undistorted_crop.jpg -8.05482673645 -0.34002161026 5.49325227737
00000366_undistorted_crop.jpg -7.95683288574 -0.365966796875 5.56119012833
00000367_undistorted_crop.jpg -7.82917404175 -0.387472391129 5.64941644669
00000368_undistorted_crop.jpg -7.66040658951 -0.409535884857 5.69433498383
00000369_undistorted_crop.jpg -7.49805545807 -0.410046577454 5.75409603119
00000370_undistorted_crop.jpg -7.30628108978 -0.41471862793 5.79617214203
00000371_undistorted_crop.jpg -7.12024307251 -0.437952041626 5.82118844986
00000372_undistorted_crop.jpg -6.95326852798 -0.466254711151 5.84708690643
00000373_undistorted_crop.jpg -6.8216342926 -0.480995178223 5.90409326553
00000374_undistorted_crop.jpg -6.6964225769 -0.488824605942 5.92424678802
00000375_undistorted_crop.jpg -6.59222221375 -0.510977268219 5.94722604752
00000376_undistorted_crop.jpg -6.52675247192 -0.517683267593 5.9694890976
00000377_undistorted_crop.jpg -6.50549888611 -0.52238202095 5.97609758377
00000378_undistorted_crop.jpg -6.49253892899 -0.524420022964 5.99719762802
00000379_undistorted_crop.jpg -6.52409648895 -0.515308141708 6.03866815567
00000380_undistorted_crop.jpg -6.56559896469 -0.50695848465 6.10338258743
00000381_undistorted_crop.jpg -6.63220071793 -0.497336626053 6.18542814255
00000382_undistorted_crop.jpg -6.71648740768 -0.479026079178 6.29954433441
00000383_undistorted_crop.jpg -6.82065916061 -0.455875396729 6.42834568024
00000384_undistorted_crop.jpg -6.94858217239 -0.417986869812 6.57865095139
00000385_undistorted_crop.jpg -7.07326364517 -0.408628940582 6.74557638168
00000386_undistorted_crop.jpg -7.18466043472 -0.413135528564 6.90192604065
00000387_undistorted_crop.jpg -7.29456329346 -0.415165185928 7.02270555496
00000388_undistorted_crop.jpg -7.34558439255 -0.399734020233 7.16224861145
00000389_undistorted_crop.jpg -7.37306261063 -0.410201311111 7.30405426025
00000390_undistorted_crop.jpg -7.37813711166 -0.420161008835 7.41350364685
00000391_undistorted_crop.jpg -7.3532781601 -0.41846370697 7.49482059479
00000392_undistorted_crop.jpg -7.30256557465 -0.372026443481 7.54819202423
00000393_undistorted_crop.jpg -7.22998523712 -0.372007846832 7.56134271622
00000394_undistorted_crop.jpg -7.11012268066 -0.375078201294 7.56082296371
00000395_undistorted_crop.jpg -7.05481338501 -0.347393512726 7.61012935638
00000396_undistorted_crop.jpg -7.0360789299 -0.287454366684 7.68885231018
00000397_undistorted_crop.jpg -7.08792543411 -0.219617605209 7.73647451401
00000398_undistorted_crop.jpg -7.09840631485 -0.223738431931 7.68834877014
00000399_undistorted_crop.jpg -7.13778209686 -0.198939561844 7.6010594368
00000400_undistorted_crop.jpg -7.1207652092 -0.224574327469 7.47584724426
00000401_undistorted_crop.jpg -7.11587333679 -0.240580320358 7.34856557846
00000402_undistorted_crop.jpg -7.12027359009 -0.243085861206 7.19227981567
00000403_undistorted_crop.jpg -7.14601421356 -0.237341403961 7.00836229324
00000404_undistorted_crop.jpg -7.15113544464 -0.219567418098 6.82892990112
00000405_undistorted_crop.jpg -7.14807128906 -0.228772044182 6.61713457108
00000406_undistorted_crop.jpg -7.19530677795 -0.229529500008 6.44653081894
00000407_undistorted_crop.jpg -7.20924091339 -0.254269957542 6.32047367096
00000408_undistorted_crop.jpg -7.23328304291 -0.25128698349 6.22858190536
00000409_undistorted_crop.jpg -7.2553024292 -0.238481044769 6.16498374939
00000410_undistorted_crop.jpg -7.24814367294 -0.230261325836 6.10911130905
00000411_undistorted_crop.jpg -7.22069740295 -0.222316265106 6.05842256546
00000412_undistorted_crop.jpg -7.16872501373 -0.213534116745 6.02078533173
00000413_undistorted_crop.jpg -7.08180904388 -0.212881326675 5.96881055832
00000414_undistorted_crop.jpg -7.00347614288 -0.174983263016 5.93720197678
00000415_undistorted_crop.jpg -6.88879346848 -0.193588256836 5.88333749771
00000416_undistorted_crop.jpg -6.75658035278 -0.187490701675 5.83308458328
00000417_undistorted_crop.jpg -6.65998601913 -0.171626329422 5.79662513733
00000418_undistorted_crop.jpg -6.56692695618 -0.200901508331 5.74042129517
00000419_undistorted_crop.jpg -6.48106622696 -0.216786146164 5.69945859909
00000420_undistorted_crop.jpg -6.32268714905 -0.31606554985 5.5497174263
00000421_undistorted_crop.jpg -6.17648553848 -0.463032007217 5.31089305878
00000422_undistorted_crop.jpg -6.2018404007 -0.461977243423 5.29964065552
00000423_undistorted_crop.jpg -6.21859741211 -0.459873914719 5.31095790863
00000424_undistorted_crop.jpg -6.2222328186 -0.528710603714 5.27412796021
00000425_undistorted_crop.jpg -6.25560188293 -0.546531915665 5.21247720718
00000426_undistorted_crop.jpg -6.28768777847 -0.55964577198 5.18557882309
00000427_undistorted_crop.jpg -6.32761049271 -0.539175033569 5.17558956146
00000428_undistorted_crop.jpg -6.38858032227 -0.546432971954 5.15416765213
00000429_undistorted_crop.jpg -6.38994216919 -0.582654595375 5.12709188461
00000430_undistorted_crop.jpg -6.40811157227 -0.57631444931 5.11125612259
00000431_undistorted_crop.jpg -6.41523456573 -0.568713665009 5.12341880798
00000432_undistorted_crop.jpg -6.56683492661 -0.615114152431 5.05740785599
00000433_undistorted_crop.jpg -6.94835090637 -0.743960738182 4.95241880417
00000434_undistorted_crop.jpg -6.97704982758 -0.814011096954 4.92658424377
00000435_undistorted_crop.jpg -6.94114303589 -0.845999598503 4.90925979614
00000436_undistorted_crop.jpg -6.8687081337 -0.842842102051 4.84834241867
00000437_undistorted_crop.jpg -6.77704334259 -0.847113132477 4.76516723633
00000438_undistorted_crop.jpg -6.69517707825 -0.864945888519 4.68804979324
00000439_undistorted_crop.jpg -6.56092739105 -0.843349218369 4.60390329361
00000440_undistorted_crop.jpg -6.44394302368 -0.845009088516 4.53180265427
00000441_undistorted_crop.jpg -6.36681556702 -0.856270313263 4.47925424576
00000442_undistorted_crop.jpg -6.28817033768 -0.848769664764 4.42020797729
00000443_undistorted_crop.jpg -6.22449064255 -0.846471786499 4.37805747986
00000444_undistorted_crop.jpg -6.19837617874 -0.847076892853 4.35413074493
00000445_undistorted_crop.jpg -6.17356920242 -0.84860086441 4.33542871475
00000446_undistorted_crop.jpg -6.164935112 -0.849932193756 4.33041572571
00000447_undistorted_crop.jpg -6.14797925949 -0.848817586899 4.32932376862
00000448_undistorted_crop.jpg -6.16099309921 -0.85394692421 4.3522605896
00000449_undistorted_crop.jpg -6.16383934021 -0.835542201996 4.37248802185
00000450_undistorted_crop.jpg -6.18209505081 -0.819901704788 4.41726255417
00000451_undistorted_crop.jpg -6.26833772659 -0.816596031189 4.46543121338
00000452_undistorted_crop.jpg -6.35589361191 -0.807107567787 4.5255651474
00000453_undistorted_crop.jpg -6.45182514191 -0.7934486866 4.62186908722
00000454_undistorted_crop.jpg -6.44294166565 -0.653135180473 4.69561719894
00000455_undistorted_crop.jpg -6.33744192123 -0.496844649315 4.76374816895
00000456_undistorted_crop.jpg -6.17842149734 -0.491380989552 4.91632413864
00000457_undistorted_crop.jpg -6.42765712738 -0.498321294785 4.9788479805
00000458_undistorted_crop.jpg -6.74327278137 -0.446348428726 5.07963848114
00000459_undistorted_crop.jpg -6.96500825882 -0.443030595779 5.10985374451
00000460_undistorted_crop.jpg -7.08582544327 -0.434003353119 5.16948127747
00000461_undistorted_crop.jpg -7.18217754364 -0.419587373734 5.21923160553
00000462_undistorted_crop.jpg -7.24444150925 -0.388772249222 5.27920675278
00000463_undistorted_crop.jpg -7.25125360489 -0.355214357376 5.31462955475
00000464_undistorted_crop.jpg -7.22172689438 -0.30171084404 5.41313409805
00000465_undistorted_crop.jpg -7.18078613281 -0.255941390991 5.51371192932
00000466_undistorted_crop.jpg -7.14880990982 -0.238294363022 5.61143827438
00000467_undistorted_crop.jpg -7.14061832428 -0.2269551754 5.69132041931
00000468_undistorted_crop.jpg -7.20384883881 -0.20990729332 5.7629737854
00000469_undistorted_crop.jpg -7.280813694 -0.210405349731 5.79268693924
00000470_undistorted_crop.jpg -7.36914730072 -0.211907625198 5.78788232803
00000471_undistorted_crop.jpg -7.46876335144 -0.211854219437 5.76186275482
00000472_undistorted_crop.jpg -7.57883787155 -0.201882362366 5.70876502991
00000473_undistorted_crop.jpg -7.6905169487 -0.230491399765 5.63782024384
00000474_undistorted_crop.jpg -7.77778339386 -0.261219024658 5.56118106842
00000475_undistorted_crop.jpg -7.88542366028 -0.25341796875 5.51071166992
00000476_undistorted_crop.jpg -7.95289516449 -0.260005950928 5.46133899689
00000477_undistorted_crop.jpg -8.01465320587 -0.244971752167 5.43752384186
00000478_undistorted_crop.jpg -8.04125213623 -0.251794338226 5.41525745392
00000479_undistorted_crop.jpg -8.09714698792 -0.234760761261 5.42026329041
00000480_undistorted_crop.jpg -8.1038942337 -0.239918708801 5.41761112213
00000481_undistorted_crop.jpg -8.11864376068 -0.242358207703 5.43305397034
00000482_undistorted_crop.jpg -8.1254940033 -0.218332767487 5.5051202774
00000483_undistorted_crop.jpg -8.08085632324 -0.267343521118 5.54172372818
00000484_undistorted_crop.jpg -7.99513483047 -0.319635868073 5.6348824501
00000485_undistorted_crop.jpg -7.88624572754 -0.361048698425 5.7581911087
00000486_undistorted_crop.jpg -7.73300170898 -0.369048118591 5.92632818222
00000487_undistorted_crop.jpg -7.53497123718 -0.355711460114 6.1142449379
00000488_undistorted_crop.jpg -7.3217830658 -0.357437849045 6.25657367706
00000489_undistorted_crop.jpg -7.09799575806 -0.355505466461 6.42869472504
00000490_undistorted_crop.jpg -6.92171096802 -0.383495807648 6.60566806793
00000491_undistorted_crop.jpg -6.80697536469 -0.402559280396 6.77005386353
00000492_undistorted_crop.jpg -6.73746204376 -0.403412818909 6.93357276917
00000493_undistorted_crop.jpg -6.71753406525 -0.39380812645 7.11092185974
00000494_undistorted_crop.jpg -6.75412273407 -0.365188360214 7.28691339493
00000495_undistorted_crop.jpg -6.87240219116 -0.350597143173 7.42007875443
00000496_undistorted_crop.jpg -6.99494075775 -0.323628664017 7.57114744186
00000497_undistorted_crop.jpg -7.11497020721 -0.362241268158 7.68759012222
00000498_undistorted_crop.jpg -7.19115638733 -0.396517753601 7.77916193008
00000499_undistorted_crop.jpg -7.23208045959 -0.40621805191 7.93175697327
00000500_undistorted_crop.jpg -7.27404499054 -0.41189956665 8.05472660065
00000501_undistorted_crop.jpg -7.27838993073 -0.391052722931 8.22844696045
00000502_undistorted_crop.jpg -7.26168012619 -0.369572162628 8.40639686584
00000503_undistorted_crop.jpg -7.22080516815 -0.333136558533 8.58145141602
00000504_undistorted_crop.jpg -7.17235946655 -0.324646949768 8.78059864044
00000505_undistorted_crop.jpg -7.14764308929 -0.334940910339 8.94078063965
00000506_undistorted_crop.jpg -7.10471343994 -0.340044021606 9.05726909637
00000507_undistorted_crop.jpg -7.09148406982 -0.322759628296 9.15856170654
00000508_undistorted_crop.jpg -7.04676008224 -0.3253698349 9.20172595978
00000509_undistorted_crop.jpg -7.03673791885 -0.323286533356 9.23831748962
00000510_undistorted_crop.jpg -6.99392271042 -0.328516960144 9.23924064636
00000511_undistorted_crop.jpg -6.97089719772 -0.325813770294 9.2118473053
00000512_undistorted_crop.jpg -6.92218494415 -0.338064193726 9.14099311829
00000513_undistorted_crop.jpg -6.8894109726 -0.330858230591 9.06329250336
00000514_undistorted_crop.jpg -6.87284946442 -0.32105588913 8.9588766098
00000515_undistorted_crop.jpg -6.85603761673 -0.337249279022 8.81970405579
00000516_undistorted_crop.jpg -6.84425592422 -0.299079418182 8.69019508362
00000517_undistorted_crop.jpg -6.84412384033 -0.301817893982 8.54372406006
00000518_undistorted_crop.jpg -6.83795928955 -0.274033069611 8.40899944305
00000519_undistorted_crop.jpg -6.84069252014 -0.276415348053 8.29398727417
00000520_undistorted_crop.jpg -6.83787202835 -0.279360771179 8.22658920288
00000521_undistorted_crop.jpg -6.8283700943 -0.318346500397 8.15428256989
00000522_undistorted_crop.jpg -6.79865074158 -0.33231306076 8.12516403198
00000523_undistorted_crop.jpg -6.76319026947 -0.392806529999 8.07033634186
00000524_undistorted_crop.jpg -6.6860370636 -0.415642261505 8.07087516785
00000525_undistorted_crop.jpg -6.58176898956 -0.437532901764 8.0863866806
00000526_undistorted_crop.jpg -6.40796518326 -0.522560834885 8.02852630615
00000527_undistorted_crop.jpg -6.17701292038 -0.596502780914 7.92201328278
00000528_undistorted_crop.jpg -5.93312501907 -0.519844055176 7.84673976898
00000529_undistorted_crop.jpg -5.74839735031 -0.418938398361 7.79870080948
00000530_undistorted_crop.jpg -5.49503993988 -0.321491360664 7.76005601883
00000531_undistorted_crop.jpg -5.53465461731 -0.456919521093 7.63475179672
00000532_undistorted_crop.jpg -5.59898471832 -0.635549485683 7.48754739761
00000533_undistorted_crop.jpg -5.35923957825 -0.616811990738 7.48635196686
00000534_undistorted_crop.jpg -5.32245922089 -0.630950212479 7.38452959061
00000535_undistorted_crop.jpg -4.96790313721 -0.557580113411 7.43205499649
00000536_undistorted_crop.jpg -4.67570924759 -0.50393640995 7.42971038818
00000537_undistorted_crop.jpg -4.39079666138 -0.445786833763 7.48632764816
00000538_undistorted_crop.jpg -4.08463191986 -0.383297204971 7.58446502686
00000539_undistorted_crop.jpg -3.80822587013 -0.360796570778 7.70047807693
00000540_undistorted_crop.jpg -3.51887989044 -0.373882174492 7.86209440231
00000541_undistorted_crop.jpg -3.24676132202 -0.403219938278 7.9996919632
00000542_undistorted_crop.jpg -2.97486066818 -0.425512552261 8.10153865814
00000543_undistorted_crop.jpg -2.68406486511 -0.415136098862 8.17290401459
00000544_undistorted_crop.jpg -2.39523744583 -0.373559951782 8.23322486877
00000545_undistorted_crop.jpg -2.10024785995 -0.323335647583 8.26249408722
00000546_undistorted_crop.jpg -1.76788127422 -0.252557396889 8.26571178436
00000547_undistorted_crop.jpg -1.43899476528 -0.208005487919 8.23342609406
00000548_undistorted_crop.jpg -1.10211110115 -0.224210441113 8.20191287994
00000549_undistorted_crop.jpg -0.863090872765 -0.278521120548 8.20489311218
00000550_undistorted_crop.jpg -0.561281383038 -0.28858885169 8.21937942505
00000551_undistorted_crop.jpg -0.279045253992 -0.296304643154 8.25952625275
00000552_undistorted_crop.jpg 0.0193370729685 -0.267364054918 8.31126880646
00000553_undistorted_crop.jpg 0.332191169262 -0.213710129261 8.38632678986
00000554_undistorted_crop.jpg 0.679189801216 -0.160923212767 8.47500514984
00000555_undistorted_crop.jpg 1.0356695652 -0.0735725462437 8.58022403717
00000556_undistorted_crop.jpg 1.39745044708 -0.0708814263344 8.62130260468
00000557_undistorted_crop.jpg 1.74163079262 -0.106408596039 8.63559341431
00000558_undistorted_crop.jpg 2.08625078201 -0.0922278761864 8.57857227325
00000559_undistorted_crop.jpg 2.43988490105 -0.0421744585037 8.4889421463
00000560_undistorted_crop.jpg 2.77160716057 0.0178495049477 8.37502670288
00000561_undistorted_crop.jpg 3.08529853821 0.0693389773369 8.20283317566
00000562_undistorted_crop.jpg 3.442091465 0.0914365649223 7.95427846909
00000563_undistorted_crop.jpg 3.73943662643 0.0391508340836 7.68965148926
00000564_undistorted_crop.jpg 4.06940221786 -0.0103191137314 7.42136240005
00000565_undistorted_crop.jpg 4.27496290207 -0.0485861301422 7.20256233215
00000566_undistorted_crop.jpg 4.48553323746 -0.0831881761551 7.0157494545
00000567_undistorted_crop.jpg 4.68303394318 -0.114503026009 6.85121393204
00000568_undistorted_crop.jpg 4.94807910919 -0.0887069702148 6.63805389404
00000569_undistorted_crop.jpg 5.19792079926 -0.0780394077301 6.41966629028
00000570_undistorted_crop.jpg 5.47458648682 -0.101477980614 6.18192386627
00000571_undistorted_crop.jpg 5.70724153519 -0.173139333725 5.89458084106
00000572_undistorted_crop.jpg 5.85698509216 -0.239910364151 5.63852453232
00000573_undistorted_crop.jpg 6.00750923157 -0.275996446609 5.31443500519
00000574_undistorted_crop.jpg 6.09131813049 -0.259358644485 5.00968742371
00000575_undistorted_crop.jpg 6.12444734573 -0.285178422928 4.90568256378
00000576_undistorted_crop.jpg 5.86226940155 -0.540191292763 5.12414979935
00000577_undistorted_crop.jpg 5.84053134918 -0.542823553085 4.78940105438
00000578_undistorted_crop.jpg 5.82237529755 -0.617724299431 4.47672891617
00000579_undistorted_crop.jpg 5.74544382095 -0.722861766815 4.22351026535
00000580_undistorted_crop.jpg 5.74680614471 -0.77369248867 3.92893767357
00000581_undistorted_crop.jpg 5.75604391098 -0.806882619858 3.62972092628
00000582_undistorted_crop.jpg 5.77632284164 -0.797595322132 3.31353521347
00000583_undistorted_crop.jpg 5.81120300293 -0.746728777885 3.00035476685
00000584_undistorted_crop.jpg 5.89103221893 -0.706879258156 2.66270661354
00000585_undistorted_crop.jpg 5.9719452858 -0.715160250664 2.34958410263
00000586_undistorted_crop.jpg 6.01116847992 -0.757037520409 2.09441685677
00000587_undistorted_crop.jpg 6.02033615112 -0.804730772972 1.83377063274
00000588_undistorted_crop.jpg 6.03977441788 -0.828228533268 1.55648446083
00000589_undistorted_crop.jpg 6.02666330338 -0.800542593002 1.29753088951
00000590_undistorted_crop.jpg 5.96936559677 -0.762041330338 1.04112410545
00000591_undistorted_crop.jpg 5.85294914246 -0.728261590004 0.721917271614
00000592_undistorted_crop.jpg 5.46934509277 -0.949888646603 0.72406899929
00000593_undistorted_crop.jpg 5.34744548798 -0.992503762245 0.39659127593
00000594_undistorted_crop.jpg 5.32569885254 -1.0145406723 0.068042576313
00000595_undistorted_crop.jpg 5.34664011002 -1.0260784626 -0.179209768772
00000596_undistorted_crop.jpg 5.38297319412 -1.02278828621 -0.429892659187
00000597_undistorted_crop.jpg 5.43315601349 -1.0089302063 -0.649099349976
00000598_undistorted_crop.jpg 5.53053998947 -0.958541154861 -0.8027780056
00000599_undistorted_crop.jpg 5.62968587875 -0.93965703249 -0.921538829803
00000600_undistorted_crop.jpg 5.6856584549 -0.983767986298 -1.00617802143
00000601_undistorted_crop.jpg 5.76722002029 -1.01105117798 -1.13180160522
00000602_undistorted_crop.jpg 5.81574106216 -1.07511520386 -1.21445608139
00000603_undistorted_crop.jpg 5.82069206238 -1.07444381714 -1.19848334789
00000604_undistorted_crop.jpg 5.91711997986 -1.07088255882 -1.25517725945
00000605_undistorted_crop.jpg 5.98759078979 -1.04424607754 -1.30326461792
00000606_undistorted_crop.jpg 6.09187316895 -0.998913228512 -1.43176341057
00000607_undistorted_crop.jpg 6.05701971054 -1.00288796425 -1.46185183525
00000608_undistorted_crop.jpg 6.00087833405 -1.02879667282 -1.53850746155
00000609_undistorted_crop.jpg 5.9845123291 -1.03511726856 -1.73645174503
00000610_undistorted_crop.jpg 6.00545406342 -1.02761042118 -2.0373544693
00000611_undistorted_crop.jpg 6.01141166687 -1.05647969246 -2.42265963554
00000612_undistorted_crop.jpg 6.01186180115 -1.0640771389 -2.89466285706
00000613_undistorted_crop.jpg 6.34884738922 -0.710208177567 -4.02711057663
00000614_undistorted_crop.jpg 6.46231651306 -0.563622951508 -4.46214866638
00000615_undistorted_crop.jpg 6.41186285019 -0.625128269196 -4.43065595627
00000616_undistorted_crop.jpg 6.40587329865 -0.435475587845 -4.58505535126
00000617_undistorted_crop.jpg 6.19360637665 -0.471722841263 -4.36283731461
00000618_undistorted_crop.jpg 6.06686687469 -0.382744073868 -4.23284196854
00000619_undistorted_crop.jpg 5.96732616425 -0.308541059494 -4.12953901291
00000620_undistorted_crop.jpg 5.72674655914 -0.31307554245 -3.98164796829
00000621_undistorted_crop.jpg 5.5783290863 -0.299062252045 -3.87883734703
00000622_undistorted_crop.jpg 5.44327926636 -0.283276796341 -3.77257061005
00000623_undistorted_crop.jpg 5.35828542709 -0.297431707382 -3.69067192078
00000624_undistorted_crop.jpg 5.32344913483 -0.306969404221 -3.64302968979
00000625_undistorted_crop.jpg 5.28682518005 -0.309209823608 -3.58689308167
00000626_undistorted_crop.jpg 5.29107761383 -0.281871557236 -3.56023359299
00000627_undistorted_crop.jpg 5.28804302216 -0.264933824539 -3.52082085609
00000628_undistorted_crop.jpg 5.28024196625 -0.261727571487 -3.48817586899
00000629_undistorted_crop.jpg 5.27822113037 -0.263436555862 -3.46731710434
00000630_undistorted_crop.jpg 5.27313280106 -0.281328678131 -3.43464207649
00000631_undistorted_crop.jpg 5.2439198494 -0.28168618679 -3.39975357056
00000632_undistorted_crop.jpg 5.2472281456 -0.321579456329 -3.3475189209
00000633_undistorted_crop.jpg 5.26730108261 -0.346653342247 -3.32682061195
00000634_undistorted_crop.jpg 5.28197956085 -0.411829173565 -3.28855443001
00000635_undistorted_crop.jpg 5.28893375397 -0.408455908298 -3.29507160187
00000636_undistorted_crop.jpg 5.2998008728 -0.420182108879 -3.29934930801
00000637_undistorted_crop.jpg 5.29641342163 -0.42438185215 -3.29978871346
00000638_undistorted_crop.jpg 5.30783987045 -0.430147588253 -3.30493450165
00000639_undistorted_crop.jpg 5.33520412445 -0.422954142094 -3.28247308731
00000640_undistorted_crop.jpg 5.29188108444 -0.41987234354 -3.26416921616
00000641_undistorted_crop.jpg 5.31011343002 -0.393581211567 -3.26582336426
00000642_undistorted_crop.jpg 5.32051992416 -0.380912363529 -3.25921964645
00000643_undistorted_crop.jpg 5.31629419327 -0.340085625648 -3.29719948769
00000644_undistorted_crop.jpg 5.3126950264 -0.340349316597 -3.30451583862
00000645_undistorted_crop.jpg 5.31816864014 -0.300128936768 -3.31041717529
00000646_undistorted_crop.jpg 5.2604842186 -0.231215238571 -3.26122760773
00000647_undistorted_crop.jpg 5.18736028671 -0.169667720795 -3.21516871452
00000648_undistorted_crop.jpg 5.12299871445 -0.141020059586 -3.17953872681
00000649_undistorted_crop.jpg 5.1116437912 -0.125850200653 -3.16890287399
00000650_undistorted_crop.jpg 5.09503126144 -0.11795759201 -3.16765117645
00000651_undistorted_crop.jpg 5.11071586609 -0.116813898087 -3.16262698174
00000652_undistorted_crop.jpg 5.10800457001 -0.128533601761 -3.17071390152
00000653_undistorted_crop.jpg 5.13910913467 -0.134180784225 -3.21340513229
00000654_undistorted_crop.jpg 5.19741916656 -0.150632381439 -3.29093837738
00000655_undistorted_crop.jpg 5.23268318176 -0.141920566559 -3.3727209568
00000656_undistorted_crop.jpg 5.25182199478 -0.141771554947 -3.40083432198
00000657_undistorted_crop.jpg 5.27389287949 -0.134630203247 -3.42555856705
00000658_undistorted_crop.jpg 5.2660651207 -0.142331600189 -3.43430328369
00000659_undistorted_crop.jpg 5.26017665863 -0.141256570816 -3.43714976311
