00000001_undistorted_crop.jpg 5.51290893555 -0.220038414001 -3.29258227348
00000002_undistorted_crop.jpg 5.53308773041 -0.224623680115 -3.30606651306
00000003_undistorted_crop.jpg 5.51119852066 -0.228686571121 -3.28945755959
00000004_undistorted_crop.jpg 5.51385116577 -0.22717833519 -3.29247784615
00000005_undistorted_crop.jpg 5.51373291016 -0.214350223541 -3.30571126938
00000006_undistorted_crop.jpg 5.51162195206 -0.224665164948 -3.29844927788
00000007_undistorted_crop.jpg 5.52400159836 -0.232762098312 -3.29454421997
00000008_undistorted_crop.jpg 5.52220249176 -0.270542502403 -3.27869844437
00000009_undistorted_crop.jpg 5.54842233658 -0.323583006859 -3.28897023201
00000010_undistorted_crop.jpg 5.56978654861 -0.365260481834 -3.29074192047
00000011_undistorted_crop.jpg 5.57684230804 -0.420416295528 -3.25508022308
00000012_undistorted_crop.jpg 5.58238172531 -0.422435492277 -3.25542068481
00000013_undistorted_crop.jpg 5.58232784271 -0.466722100973 -3.25339198112
00000014_undistorted_crop.jpg 5.58808231354 -0.477433264256 -3.26122570038
00000015_undistorted_crop.jpg 5.60460329056 -0.494391560555 -3.28353857994
00000016_undistorted_crop.jpg 5.61691999435 -0.497511386871 -3.30974245071
00000017_undistorted_crop.jpg 5.5696811676 -0.467915266752 -3.28507328033
00000018_undistorted_crop.jpg 5.54052209854 -0.424550950527 -3.31257009506
00000019_undistorted_crop.jpg 5.56656599045 -0.386944413185 -3.39717125893
00000020_undistorted_crop.jpg 5.5578212738 -0.341899514198 -3.45271134377
00000021_undistorted_crop.jpg 5.55189037323 -0.3156478405 -3.50455617905
00000022_undistorted_crop.jpg 5.55144453049 -0.286229372025 -3.54660010338
00000023_undistorted_crop.jpg 5.5454750061 -0.262847423553 -3.57743549347
00000024_undistorted_crop.jpg 5.5499215126 -0.248872518539 -3.64203667641
00000025_undistorted_crop.jpg 5.57179880142 -0.232709407806 -3.73668861389
00000026_undistorted_crop.jpg 5.61447238922 -0.217534303665 -3.86530780792
00000027_undistorted_crop.jpg 5.66180515289 -0.172619104385 -4.01448154449
00000028_undistorted_crop.jpg 5.70411777496 -0.152424573898 -4.16073465347
00000029_undistorted_crop.jpg 5.77029848099 -0.127342939377 -4.28332519531
00000030_undistorted_crop.jpg 5.8430814743 -0.126320838928 -4.37244367599
00000031_undistorted_crop.jpg 5.92320871353 -0.167697191238 -4.40941333771
00000032_undistorted_crop.jpg 5.97244358063 -0.140599012375 -4.41213321686
00000033_undistorted_crop.jpg 6.11027574539 -0.116483688354 -4.34983825684
00000034_undistorted_crop.jpg 6.23493003845 -0.152354955673 -4.18282222748
00000035_undistorted_crop.jpg 6.3695640564 -0.142731428146 -3.99350357056
00000036_undistorted_crop.jpg 6.47700500488 -0.217570543289 -3.68417906761
00000037_undistorted_crop.jpg 6.52415943146 -0.261072158813 -3.19603729248
00000038_undistorted_crop.jpg 6.22892093658 -0.501557826996 -2.85844182968
00000039_undistorted_crop.jpg 6.55464792252 -0.448832511902 -2.43071341515
00000040_undistorted_crop.jpg 7.10548496246 -0.162205696106 -2.11546039581
00000041_undistorted_crop.jpg 6.95699501038 -0.194080352783 -1.86724245548
00000042_undistorted_crop.jpg 6.97667884827 -0.111186265945 -1.54120922089
00000043_undistorted_crop.jpg 6.86300182343 -0.103921175003 -1.3210568428
00000044_undistorted_crop.jpg 6.71356773376 -0.102754831314 -1.17735123634
00000045_undistorted_crop.jpg 6.5390253067 -0.125851750374 -1.04153752327
00000046_undistorted_crop.jpg 6.4236702919 -0.0193034410477 -0.562982797623
00000047_undistorted_crop.jpg 6.31675100327 -0.0143754482269 -0.479433953762
00000048_undistorted_crop.jpg 6.21394586563 -0.0225292295218 -0.375600159168
00000049_undistorted_crop.jpg 6.20655012131 -0.0208333581686 -0.379986405373
00000050_undistorted_crop.jpg 6.20285129547 0.00434099137783 -0.337727427483
00000051_undistorted_crop.jpg 6.23768568039 0.0144432485104 -0.250611335039
00000052_undistorted_crop.jpg 6.3026175499 0.0447058975697 -0.117923140526
00000053_undistorted_crop.jpg 6.36925506592 0.0729967206717 0.0864299535751
00000054_undistorted_crop.jpg 6.4313416481 0.0835852771997 0.430039197206
00000055_undistorted_crop.jpg 6.49291133881 0.0211916342378 0.821312308311
00000056_undistorted_crop.jpg 6.57342338562 -0.0535318255424 1.15401506424
00000057_undistorted_crop.jpg 6.60839414597 -0.0925966501236 1.50653505325
00000058_undistorted_crop.jpg 6.61322069168 -0.0827507972717 1.81864261627
00000059_undistorted_crop.jpg 6.5668964386 -0.0334748327732 2.13668656349
00000060_undistorted_crop.jpg 6.49563503265 0.0528308749199 2.41580820084
00000061_undistorted_crop.jpg 6.41996049881 0.116217970848 2.67970609665
00000062_undistorted_crop.jpg 6.224796772 0.161362886429 2.99251413345
00000063_undistorted_crop.jpg 6.04684019089 0.140120565891 3.25473475456
00000064_undistorted_crop.jpg 5.9328827858 0.112038433552 3.49213504791
00000065_undistorted_crop.jpg 5.84317779541 0.0973871946335 3.73344230652
00000066_undistorted_crop.jpg 5.79267597198 0.0674615502357 3.9464302063
00000067_undistorted_crop.jpg 5.69571828842 0.0900695919991 4.23300790787
00000068_undistorted_crop.jpg 5.58208084106 0.131024241447 4.56384754181
00000069_undistorted_crop.jpg 5.48786973953 0.183889508247 4.86461448669
00000070_undistorted_crop.jpg 5.42080354691 0.178242087364 5.18472766876
00000071_undistorted_crop.jpg 5.31437444687 0.0978180170059 5.53867816925
00000072_undistorted_crop.jpg 5.22148752213 0.0297042131424 5.83710479736
00000073_undistorted_crop.jpg 5.08343410492 0.00390267372131 6.15789747238
00000074_undistorted_crop.jpg 4.91189575195 0.0147856473923 6.4657702446
00000075_undistorted_crop.jpg 4.72585678101 0.0527973175049 6.74901008606
00000076_undistorted_crop.jpg 4.52404546738 0.108305335045 6.97558307648
00000077_undistorted_crop.jpg 4.34089279175 0.162104606628 7.1628613472
00000078_undistorted_crop.jpg 4.15202903748 0.111696720123 7.34311342239
00000079_undistorted_crop.jpg 4.01756429672 0.0485191345215 7.54209518433
00000080_undistorted_crop.jpg 3.91495490074 -0.010591506958 7.74487113953
00000081_undistorted_crop.jpg 3.81482005119 0.00446510314941 8.00634670258
00000082_undistorted_crop.jpg 3.75344181061 -0.0673706531525 8.11456298828
00000083_undistorted_crop.jpg 3.66527271271 -0.201012611389 8.16502094269
00000084_undistorted_crop.jpg 3.7227139473 -0.275662183762 8.27721786499
00000085_undistorted_crop.jpg 3.78713941574 -0.262169361115 8.62856006622
00000086_undistorted_crop.jpg 3.88535881042 -0.268958568573 8.99605846405
00000087_undistorted_crop.jpg 3.91352057457 -0.265099525452 9.31572532654
00000088_undistorted_crop.jpg 3.90366339684 -0.212514877319 9.64697265625
00000089_undistorted_crop.jpg 3.89240646362 -0.205750465393 9.79589653015
00000090_undistorted_crop.jpg 3.87045669556 -0.185148715973 9.91170501709
00000091_undistorted_crop.jpg 3.82022809982 -0.163153171539 10.0003528595
00000092_undistorted_crop.jpg 3.78420472145 -0.146100997925 10.0395965576
00000093_undistorted_crop.jpg 3.7681248188 -0.15526342392 10.0343179703
00000094_undistorted_crop.jpg 3.74161887169 -0.145382881165 10.0540332794
00000095_undistorted_crop.jpg 3.65948295593 -0.132620811462 10.0906648636
00000096_undistorted_crop.jpg 3.60907125473 -0.124991893768 10.1014118195
00000097_undistorted_crop.jpg 3.5775039196 -0.122011184692 10.0856170654
00000098_undistorted_crop.jpg 3.53642702103 -0.106728076935 10.1285591125
00000099_undistorted_crop.jpg 3.50688767433 -0.106837749481 10.0971088409
00000100_undistorted_crop.jpg 3.4958486557 -0.111424922943 10.0879364014
00000101_undistorted_crop.jpg 3.4886431694 -0.111747741699 10.0776433945
00000102_undistorted_crop.jpg 3.47439813614 -0.107520103455 10.0839691162
00000103_undistorted_crop.jpg 3.4580681324 -0.105302810669 10.0992183685
00000104_undistorted_crop.jpg 3.46437358856 -0.101914405823 10.1032466888
00000105_undistorted_crop.jpg 3.49276208878 -0.0999603271484 10.1076927185
00000106_undistorted_crop.jpg 3.50895500183 -0.0867791175842 10.1298313141
00000107_undistorted_crop.jpg 3.5362405777 -0.100576877594 10.0785636902
00000108_undistorted_crop.jpg 3.54061508179 -0.097846031189 10.1004486084
00000109_undistorted_crop.jpg 3.54194068909 -0.106567382812 10.0821294785
00000110_undistorted_crop.jpg 3.53410577774 -0.0981707572937 10.0734653473
00000111_undistorted_crop.jpg 3.53525876999 -0.103750228882 10.0611782074
00000112_undistorted_crop.jpg 3.52091574669 -0.107814788818 10.0486917496
00000113_undistorted_crop.jpg 3.5248632431 -0.109518527985 10.0440979004
00000114_undistorted_crop.jpg 3.51545667648 -0.109553813934 10.0333013535
00000115_undistorted_crop.jpg 3.51191449165 -0.114404201508 10.0272541046
00000116_undistorted_crop.jpg 3.51493501663 -0.117639064789 10.0187807083
00000117_undistorted_crop.jpg 3.51061725616 -0.116303920746 10.016828537
00000118_undistorted_crop.jpg 3.50724315643 -0.116341590881 10.0151319504
00000119_undistorted_crop.jpg 3.50292062759 -0.12949180603 10.0078678131
00000120_undistorted_crop.jpg 3.50379657745 -0.120327949524 10.0088596344
00000121_undistorted_crop.jpg 3.49798679352 -0.120568275452 10.00274086
00000122_undistorted_crop.jpg 3.48761057854 -0.111617088318 10.0029582977
00000123_undistorted_crop.jpg 3.46422505379 -0.116930484772 10.0117473602
00000124_undistorted_crop.jpg 3.43498563766 -0.109295845032 10.0262069702
00000125_undistorted_crop.jpg 3.4064707756 -0.105334281921 10.0103578568
00000126_undistorted_crop.jpg 3.37072920799 -0.0986332893372 10.0006103516
00000127_undistorted_crop.jpg 3.34378051758 -0.0918941497803 9.98898983002
00000128_undistorted_crop.jpg 3.3186006546 -0.0857534408569 9.98932266235
00000129_undistorted_crop.jpg 3.29069328308 -0.0884509086609 9.98250007629
00000130_undistorted_crop.jpg 3.26832962036 -0.0869307518005 9.96600341797
00000131_undistorted_crop.jpg 3.26503896713 -0.0728874206543 9.95731925964
00000132_undistorted_crop.jpg 3.23565769196 -0.0874705314636 9.95639133453
00000133_undistorted_crop.jpg 3.22842073441 -0.0847840309143 9.95380496979
00000134_undistorted_crop.jpg 3.22063350677 -0.0868515968323 9.95264339447
00000135_undistorted_crop.jpg 3.22348070145 -0.0891628265381 9.94632339478
00000136_undistorted_crop.jpg 3.23703026772 -0.0945463180542 9.94298171997
00000137_undistorted_crop.jpg 3.2425942421 -0.0841927528381 9.95041370392
00000138_undistorted_crop.jpg 3.27296733856 -0.086549282074 9.95154762268
00000139_undistorted_crop.jpg 3.31737279892 -0.108966827393 9.92635154724
00000140_undistorted_crop.jpg 3.34919786453 -0.11120223999 9.92769241333
00000141_undistorted_crop.jpg 3.35637021065 -0.116195678711 9.93648338318
00000142_undistorted_crop.jpg 3.33969330788 -0.119840145111 9.94082927704
00000143_undistorted_crop.jpg 3.35085010529 -0.120137214661 9.94157505035
00000144_undistorted_crop.jpg 3.34350943565 -0.116139888763 9.94548988342
00000145_undistorted_crop.jpg 3.36752867699 -0.111210346222 9.93307304382
00000146_undistorted_crop.jpg 3.35318470001 -0.110345363617 9.94807052612
00000147_undistorted_crop.jpg 3.33520102501 -0.115037441254 9.95126438141
00000148_undistorted_crop.jpg 3.32664370537 -0.101944446564 9.96446323395
00000149_undistorted_crop.jpg 3.3359606266 -0.114086151123 9.94547080994
00000150_undistorted_crop.jpg 3.31299972534 -0.114389419556 9.95165634155
00000151_undistorted_crop.jpg 3.28779649734 -0.112735271454 9.95549201965
00000152_undistorted_crop.jpg 3.27831101418 -0.106490135193 9.95650672913
00000153_undistorted_crop.jpg 3.26670145988 -0.105164527893 9.95231819153
00000154_undistorted_crop.jpg 3.25595855713 -0.104159355164 9.95115280151
00000155_undistorted_crop.jpg 3.24879479408 -0.102854251862 9.95155143738
00000156_undistorted_crop.jpg 3.22815847397 -0.100427627563 9.9621295929
00000157_undistorted_crop.jpg 3.21335577965 -0.10395526886 9.96711730957
00000158_undistorted_crop.jpg 3.23190379143 -0.0978507995605 9.94944190979
00000159_undistorted_crop.jpg 3.28191709518 -0.120258331299 9.9032125473
00000160_undistorted_crop.jpg 3.35643625259 -0.133476734161 9.8841676712
00000161_undistorted_crop.jpg 3.40990018845 -0.130081653595 9.93991184235
00000162_undistorted_crop.jpg 3.48155975342 -0.123598575592 9.98727226257
00000163_undistorted_crop.jpg 3.53825855255 -0.133219242096 10.0229129791
00000164_undistorted_crop.jpg 3.59885668755 -0.141376495361 10.0333995819
00000165_undistorted_crop.jpg 3.65230607986 -0.145127296448 10.0535306931
00000166_undistorted_crop.jpg 3.70169115067 -0.14204454422 10.0753002167
00000167_undistorted_crop.jpg 3.72481131554 -0.150592803955 10.0755748749
00000168_undistorted_crop.jpg 3.73901033401 -0.135866641998 10.1103858948
00000169_undistorted_crop.jpg 3.74993014336 -0.152614116669 10.0922622681
00000170_undistorted_crop.jpg 3.71113038063 -0.135429859161 10.1433544159
00000171_undistorted_crop.jpg 3.68870592117 -0.133408546448 10.145409584
00000172_undistorted_crop.jpg 3.62457442284 -0.132396697998 10.1306228638
00000173_undistorted_crop.jpg 3.54666543007 -0.100881576538 10.1319637299
00000174_undistorted_crop.jpg 3.41072511673 -0.121710300446 10.0859699249
00000175_undistorted_crop.jpg 3.28599715233 -0.108559608459 10.0352249146
00000176_undistorted_crop.jpg 3.12712907791 -0.0750045776367 10.0023117065
00000177_undistorted_crop.jpg 3.14731407166 -0.247708082199 9.79168987274
00000178_undistorted_crop.jpg 2.81796622276 0.131317138672 9.81202125549
00000179_undistorted_crop.jpg 2.80205082893 0.131939172745 9.59494781494
00000180_undistorted_crop.jpg 2.26027393341 0.129801869392 9.19234752655
00000181_undistorted_crop.jpg 1.97019577026 0.128210425377 8.88787174225
00000182_undistorted_crop.jpg 1.79868388176 0.0885842442513 8.67216110229
00000183_undistorted_crop.jpg 1.60925102234 0.0647759139538 8.53071117401
00000184_undistorted_crop.jpg 1.40122509003 0.0532081723213 8.4304561615
00000185_undistorted_crop.jpg 1.18071234226 0.0566928088665 8.36751747131
00000186_undistorted_crop.jpg 0.938612222672 0.062681645155 8.31767654419
00000187_undistorted_crop.jpg 0.691734433174 0.088501304388 8.28335571289
00000188_undistorted_crop.jpg 0.408318281174 0.116053432226 8.28497505188
00000189_undistorted_crop.jpg 0.136083483696 0.111884832382 8.33521080017
00000190_undistorted_crop.jpg -0.213302731514 0.021989107132 8.37209033966
00000191_undistorted_crop.jpg -0.542273044586 -0.0110811591148 8.39160919189
00000192_undistorted_crop.jpg -0.776576757431 -0.0392666459084 8.40049362183
00000193_undistorted_crop.jpg -1.04388618469 -0.0704817175865 8.3702917099
00000194_undistorted_crop.jpg -1.25247740746 -0.0811662077904 8.33839225769
00000195_undistorted_crop.jpg -1.56034708023 -0.0439931154251 8.26456832886
00000196_undistorted_crop.jpg -1.85823643208 0.00554716587067 8.15606307983
00000197_undistorted_crop.jpg -2.17947363853 0.00974470376968 7.9938287735
00000198_undistorted_crop.jpg -2.48349428177 -0.0279141068459 7.79670619965
00000199_undistorted_crop.jpg -2.75093245506 -0.0565797686577 7.67374849319
00000200_undistorted_crop.jpg -3.01465606689 -0.0975081324577 7.5741648674
00000201_undistorted_crop.jpg -3.28387856483 -0.107917070389 7.48981761932
00000202_undistorted_crop.jpg -3.61011266708 -0.0742708444595 7.40856027603
00000203_undistorted_crop.jpg -3.8791475296 -0.060738503933 7.35040998459
00000204_undistorted_crop.jpg -4.15076398849 -0.0434999465942 7.3347492218
00000205_undistorted_crop.jpg -4.4401922226 -0.0528808236122 7.32945346832
00000206_undistorted_crop.jpg -4.66463661194 -0.149130642414 7.34377574921
00000207_undistorted_crop.jpg -4.95487976074 -0.145030021667 7.27400875092
00000208_undistorted_crop.jpg -5.17389965057 -0.163635015488 7.21120738983
00000209_undistorted_crop.jpg -5.38123321533 -0.184565544128 7.12796592712
00000210_undistorted_crop.jpg -5.54140949249 -0.170331120491 7.05402421951
00000211_undistorted_crop.jpg -5.73642873764 -0.133768558502 6.92230463028
00000212_undistorted_crop.jpg -5.91697502136 -0.136086821556 6.78408288956
00000213_undistorted_crop.jpg -6.10706663132 -0.1394354105 6.62763643265
00000214_undistorted_crop.jpg -6.29624795914 -0.171926498413 6.46941900253
00000215_undistorted_crop.jpg -6.50865507126 -0.204064488411 6.31389284134
00000216_undistorted_crop.jpg -6.68081378937 -0.213787794113 6.22385931015
00000217_undistorted_crop.jpg -6.8352394104 -0.25352281332 6.12667036057
00000218_undistorted_crop.jpg -7.02124834061 -0.262436270714 6.07411050797
00000219_undistorted_crop.jpg -7.097864151 -0.278215169907 5.98439502716
00000220_undistorted_crop.jpg -7.33669519424 -0.208119869232 6.00187349319
00000221_undistorted_crop.jpg -7.50802230835 -0.195615053177 6.02780818939
00000222_undistorted_crop.jpg -7.68082714081 -0.206885576248 6.04431533813
00000223_undistorted_crop.jpg -7.82744979858 -0.236685752869 6.04324531555
00000224_undistorted_crop.jpg -7.98234891891 -0.224518299103 6.042927742
00000225_undistorted_crop.jpg -8.09417915344 -0.219669818878 6.03030443192
00000226_undistorted_crop.jpg -8.13399505615 -0.251743793488 5.99667644501
00000227_undistorted_crop.jpg -8.19144058228 -0.241866588593 5.97002696991
00000228_undistorted_crop.jpg -8.2123374939 -0.239055633545 5.92703580856
00000229_undistorted_crop.jpg -8.21542167664 -0.240375518799 5.87409639359
00000230_undistorted_crop.jpg -8.20367717743 -0.244510173798 5.80426883698
00000231_undistorted_crop.jpg -8.1922416687 -0.256740570068 5.72911024094
00000232_undistorted_crop.jpg -8.18570709229 -0.258005142212 5.65466785431
00000233_undistorted_crop.jpg -8.18480873108 -0.255499839783 5.58897542953
00000234_undistorted_crop.jpg -8.18713474274 -0.248558044434 5.52900886536
00000235_undistorted_crop.jpg -8.18811035156 -0.251858234406 5.47213697433
00000236_undistorted_crop.jpg -8.20533943176 -0.242371082306 5.42269611359
00000237_undistorted_crop.jpg -8.22365474701 -0.235484600067 5.38558673859
00000238_undistorted_crop.jpg -8.20946311951 -0.242121696472 5.35575246811
00000239_undistorted_crop.jpg -8.15380096436 -0.255101680756 5.29561328888
00000240_undistorted_crop.jpg -8.1475315094 -0.241150379181 5.35603809357
00000241_undistorted_crop.jpg -8.08694553375 -0.243032932281 5.33054161072
00000242_undistorted_crop.jpg -8.05291557312 -0.242290973663 5.34272623062
00000243_undistorted_crop.jpg -8.02090263367 -0.232852935791 5.35392999649
00000244_undistorted_crop.jpg -7.99729061127 -0.231917381287 5.35675430298
00000245_undistorted_crop.jpg -7.98723983765 -0.227878570557 5.35970211029
00000246_undistorted_crop.jpg -7.98493289948 -0.215527057648 5.36593151093
00000247_undistorted_crop.jpg -7.96634244919 -0.224090099335 5.36013507843
00000248_undistorted_crop.jpg -7.96080541611 -0.231237411499 5.3516497612
00000249_undistorted_crop.jpg -7.96199798584 -0.221701622009 5.36936187744
00000250_undistorted_crop.jpg -7.96949577332 -0.213344573975 5.38569450378
00000251_undistorted_crop.jpg -7.97104597092 -0.213982105255 5.37665843964
00000252_undistorted_crop.jpg -7.97709846497 -0.213010787964 5.37187767029
00000253_undistorted_crop.jpg -7.9847574234 -0.210954189301 5.37829971313
00000254_undistorted_crop.jpg -7.97714710236 -0.211672782898 5.36855697632
00000255_undistorted_crop.jpg -7.95299577713 -0.234027385712 5.36789321899
00000256_undistorted_crop.jpg -7.98146152496 -0.208936691284 5.36821937561
00000257_undistorted_crop.jpg -7.97857189178 -0.210509777069 5.3685336113
00000258_undistorted_crop.jpg -7.97393989563 -0.217787742615 5.33687019348
00000259_undistorted_crop.jpg -7.98373031616 -0.208514690399 5.34297370911
00000260_undistorted_crop.jpg -7.97221183777 -0.21645116806 5.33365821838
00000261_undistorted_crop.jpg -7.98743057251 -0.21509885788 5.33148241043
00000262_undistorted_crop.jpg -7.98740386963 -0.21560716629 5.33175754547
00000263_undistorted_crop.jpg -7.98845767975 -0.215309619904 5.33204936981
00000264_undistorted_crop.jpg -7.9899315834 -0.215356349945 5.3325343132
00000265_undistorted_crop.jpg -7.99126911163 -0.215482711792 5.33242702484
00000266_undistorted_crop.jpg -7.99340391159 -0.213990211487 5.3327999115
00000267_undistorted_crop.jpg -7.9939031601 -0.212611675262 5.33244609833
00000268_undistorted_crop.jpg -7.99446296692 -0.211530685425 5.33228826523
00000269_undistorted_crop.jpg -7.99719524384 -0.209568977356 5.33208465576
00000270_undistorted_crop.jpg -7.99937582016 -0.208232879639 5.33257007599
00000271_undistorted_crop.jpg -7.99829912186 -0.209151268005 5.33203172684
00000272_undistorted_crop.jpg -7.99602222443 -0.210716247559 5.33177566528
00000273_undistorted_crop.jpg -7.99284076691 -0.213200569153 5.33179187775
00000274_undistorted_crop.jpg -7.99043464661 -0.215211391449 5.3318567276
00000275_undistorted_crop.jpg -7.98906850815 -0.216257095337 5.33191394806
00000276_undistorted_crop.jpg -7.98918104172 -0.215829372406 5.33177900314
00000277_undistorted_crop.jpg -7.98911380768 -0.215781211853 5.33205604553
00000278_undistorted_crop.jpg -7.99023342133 -0.216031551361 5.3321223259
00000279_undistorted_crop.jpg -7.99428510666 -0.213859081268 5.33279752731
00000280_undistorted_crop.jpg -7.99829101562 -0.211188793182 5.33362579346
00000281_undistorted_crop.jpg -7.98535490036 -0.218294620514 5.33211708069
00000282_undistorted_crop.jpg -7.98547840118 -0.218189239502 5.33210086823
00000283_undistorted_crop.jpg -7.98548221588 -0.218153476715 5.33210325241
00000284_undistorted_crop.jpg -7.9853925705 -0.216182231903 5.33090019226
00000285_undistorted_crop.jpg -7.98552036285 -0.218705654144 5.33076095581
00000286_undistorted_crop.jpg -7.98487663269 -0.218650341034 5.33203792572
00000287_undistorted_crop.jpg -7.9931344986 -0.213763237 5.33209514618
00000288_undistorted_crop.jpg -7.99019384384 -0.215466022491 5.33186006546
00000289_undistorted_crop.jpg -7.98920202255 -0.215924739838 5.33157539368
00000290_undistorted_crop.jpg -7.98896551132 -0.216114521027 5.33163642883
00000291_undistorted_crop.jpg -7.98922634125 -0.216408252716 5.33131313324
00000292_undistorted_crop.jpg -7.98233366013 -0.2120013237 5.33772850037
00000293_undistorted_crop.jpg -7.97579813004 -0.216520309448 5.32645225525
00000294_undistorted_crop.jpg -7.97168827057 -0.209208965302 5.35950565338
00000295_undistorted_crop.jpg -7.9691734314 -0.215881347656 5.35735368729
00000296_undistorted_crop.jpg -7.96927595139 -0.212708473206 5.36159038544
00000297_undistorted_crop.jpg -7.96916770935 -0.215420722961 5.35871076584
00000298_undistorted_crop.jpg -7.9728603363 -0.209252357483 5.36000347137
00000299_undistorted_crop.jpg -7.96825361252 -0.213137626648 5.36195135117
00000300_undistorted_crop.jpg -7.96318817139 -0.218172073364 5.36957597733
00000301_undistorted_crop.jpg -7.96660709381 -0.217551231384 5.36886548996
00000302_undistorted_crop.jpg -7.94919300079 -0.227439880371 5.40448713303
00000303_undistorted_crop.jpg -7.92944526672 -0.246175765991 5.41829586029
00000304_undistorted_crop.jpg -7.94077205658 -0.244914054871 5.47162342072
00000305_undistorted_crop.jpg -7.91267251968 -0.281457901001 5.52560138702
00000306_undistorted_crop.jpg -7.85813379288 -0.336541652679 5.58895492554
00000307_undistorted_crop.jpg -7.81142759323 -0.382228851318 5.64201641083
00000308_undistorted_crop.jpg -7.79647922516 -0.383646726608 5.74643754959
00000309_undistorted_crop.jpg -7.79550647736 -0.375740528107 5.82041311264
00000310_undistorted_crop.jpg -7.81057739258 -0.373334407806 5.83700084686
00000311_undistorted_crop.jpg -7.8609623909 -0.368356704712 5.82378816605
00000312_undistorted_crop.jpg -7.93595409393 -0.36363196373 5.7892074585
00000313_undistorted_crop.jpg -8.02123737335 -0.358729600906 5.76104784012
00000314_undistorted_crop.jpg -8.11354637146 -0.36119890213 5.73878288269
00000315_undistorted_crop.jpg -8.20464324951 -0.354665279388 5.71915864944
00000316_undistorted_crop.jpg -8.2725944519 -0.35116648674 5.70560121536
00000317_undistorted_crop.jpg -8.32240200043 -0.359700202942 5.7105512619
00000318_undistorted_crop.jpg -8.32665348053 -0.375548958778 5.70681381226
00000319_undistorted_crop.jpg -8.31080818176 -0.399781823158 5.6925573349
00000320_undistorted_crop.jpg -8.26899909973 -0.453191637993 5.64922142029
00000321_undistorted_crop.jpg -8.20126628876 -0.475551605225 5.60616970062
00000322_undistorted_crop.jpg -8.0635175705 -0.515818119049 5.53585481644
00000323_undistorted_crop.jpg -7.90427923203 -0.530038714409 5.47384309769
00000324_undistorted_crop.jpg -7.73683595657 -0.537180483341 5.40137338638
00000325_undistorted_crop.jpg -7.58342552185 -0.53599178791 5.30173921585
00000326_undistorted_crop.jpg -7.46098041534 -0.522786974907 5.26087284088
00000327_undistorted_crop.jpg -7.28586769104 -0.572080790997 5.13957166672
00000328_undistorted_crop.jpg -7.18575668335 -0.578424096107 5.0163526535
00000329_undistorted_crop.jpg -7.13260316849 -0.603859186172 4.88231086731
00000330_undistorted_crop.jpg -7.16105413437 -0.658548653126 4.75498151779
00000331_undistorted_crop.jpg -7.19396305084 -0.695745587349 4.72229957581
00000332_undistorted_crop.jpg -7.37256717682 -0.796838879585 4.66067218781
00000333_undistorted_crop.jpg -7.37321376801 -0.820930242538 4.70500087738
00000334_undistorted_crop.jpg -7.40266227722 -0.860668778419 4.73026752472
00000335_undistorted_crop.jpg -7.4077129364 -0.893195152283 4.75563144684
00000336_undistorted_crop.jpg -7.43024206161 -0.908189535141 4.81580209732
00000337_undistorted_crop.jpg -7.57991600037 -0.941565394402 4.85169029236
00000338_undistorted_crop.jpg -7.70611000061 -0.961524486542 4.93962478638
00000339_undistorted_crop.jpg -7.76741170883 -0.953833818436 5.01743841171
00000340_undistorted_crop.jpg -7.86810016632 -0.977340698242 5.12905454636
00000341_undistorted_crop.jpg -7.89845132828 -0.972056508064 5.23118019104
00000342_undistorted_crop.jpg -7.97322273254 -0.977140188217 5.3520860672
00000343_undistorted_crop.jpg -8.00169372559 -0.961206555367 5.46495962143
00000344_undistorted_crop.jpg -8.10869884491 -0.939777612686 5.54355478287
00000345_undistorted_crop.jpg -8.17284488678 -0.923011422157 5.62249183655
00000346_undistorted_crop.jpg -8.20766067505 -0.895655989647 5.65542697906
00000347_undistorted_crop.jpg -8.27366256714 -0.873621463776 5.68828201294
00000348_undistorted_crop.jpg -8.23041534424 -0.845811128616 5.71037149429
00000349_undistorted_crop.jpg -7.52499198914 -0.629811644554 5.77553462982
00000350_undistorted_crop.jpg -7.40227222443 -0.561753988266 5.77268981934
00000351_undistorted_crop.jpg -7.3929643631 -0.530972182751 5.77415180206
00000352_undistorted_crop.jpg -7.41319942474 -0.51277256012 5.77343702316
00000353_undistorted_crop.jpg -7.42995405197 -0.484270125628 5.83138799667
00000354_undistorted_crop.jpg -7.42743682861 -0.424939990044 5.76951026917
00000355_undistorted_crop.jpg -7.3779592514 -0.434167742729 5.67626857758
00000356_undistorted_crop.jpg -7.35050344467 -0.440527319908 5.6119260788
00000357_undistorted_crop.jpg -7.25612449646 -0.44050180912 5.54516220093
00000358_undistorted_crop.jpg -7.15767335892 -0.443343400955 5.47980690002
00000359_undistorted_crop.jpg -7.08340501785 -0.458785057068 5.45083093643
00000360_undistorted_crop.jpg -7.02767753601 -0.444262981415 5.42422819138
00000361_undistorted_crop.jpg -7.02010774612 -0.422198057175 5.42268705368
00000362_undistorted_crop.jpg -7.02067899704 -0.414435863495 5.40762805939
00000363_undistorted_crop.jpg -7.04617977142 -0.409009456635 5.38868570328
00000364_undistorted_crop.jpg -7.08903121948 -0.402482032776 5.37177705765
00000365_undistorted_crop.jpg -7.15237426758 -0.408482551575 5.37674474716
00000366_undistorted_crop.jpg -7.23483562469 -0.399354457855 5.36445188522
00000367_undistorted_crop.jpg -7.34227323532 -0.401098251343 5.35872554779
00000368_undistorted_crop.jpg -7.45353984833 -0.404561758041 5.37366342545
00000369_undistorted_crop.jpg -7.56566047668 -0.403149843216 5.37986421585
00000370_undistorted_crop.jpg -7.67152881622 -0.401262283325 5.39264822006
00000371_undistorted_crop.jpg -7.75898838043 -0.393910169601 5.41760587692
00000372_undistorted_crop.jpg -7.84056615829 -0.387088537216 5.44156885147
00000373_undistorted_crop.jpg -7.89584159851 -0.378811717033 5.4649939537
00000374_undistorted_crop.jpg -7.93410491943 -0.363230466843 5.49066209793
00000375_undistorted_crop.jpg -7.96086025238 -0.36016702652 5.49852275848
00000376_undistorted_crop.jpg -7.953748703 -0.362506389618 5.45498943329
00000377_undistorted_crop.jpg -7.93728971481 -0.352559566498 5.44039058685
00000378_undistorted_crop.jpg -7.8811006546 -0.33695101738 5.42513895035
00000379_undistorted_crop.jpg -7.78613948822 -0.30522441864 5.45777606964
00000380_undistorted_crop.jpg -7.71030664444 -0.252497196198 5.56692934036
00000381_undistorted_crop.jpg -7.68224477768 -0.202951669693 5.64538288116
00000382_undistorted_crop.jpg -7.62155437469 -0.175458192825 5.69337272644
00000383_undistorted_crop.jpg -7.56691265106 -0.153384447098 5.72239685059
00000384_undistorted_crop.jpg -7.51623725891 -0.166654348373 5.73391723633
00000385_undistorted_crop.jpg -7.49129199982 -0.161394834518 5.74695014954
00000386_undistorted_crop.jpg -7.47280883789 -0.159295797348 5.7475233078
00000387_undistorted_crop.jpg -7.46028232574 -0.158526659012 5.71188592911
00000388_undistorted_crop.jpg -7.44488048553 -0.16254234314 5.66493606567
00000389_undistorted_crop.jpg -7.4294924736 -0.172423362732 5.61350727081
00000390_undistorted_crop.jpg -7.41610336304 -0.167522907257 5.55205869675
00000391_undistorted_crop.jpg -7.41292476654 -0.188409566879 5.47585821152
00000392_undistorted_crop.jpg -7.39768028259 -0.197395324707 5.38164186478
00000393_undistorted_crop.jpg -7.39871644974 -0.208966970444 5.27015447617
00000394_undistorted_crop.jpg -7.44650697708 -0.201419353485 5.19718170166
00000395_undistorted_crop.jpg -7.43363714218 -0.20546412468 5.12628173828
00000396_undistorted_crop.jpg -7.42724275589 -0.196321249008 5.08807134628
00000397_undistorted_crop.jpg -7.41519117355 -0.217575311661 5.04773235321
00000398_undistorted_crop.jpg -7.3783121109 -0.220792293549 5.04414653778
00000399_undistorted_crop.jpg -7.35330963135 -0.200885295868 5.07432842255
00000400_undistorted_crop.jpg -7.319876194 -0.155551195145 5.11654138565
00000401_undistorted_crop.jpg -7.28632497787 -0.135949134827 5.14857816696
00000402_undistorted_crop.jpg -7.24892616272 -0.140294790268 5.19433641434
00000403_undistorted_crop.jpg -7.18737697601 -0.162715911865 5.23392772675
00000404_undistorted_crop.jpg -7.17922210693 -0.158306121826 5.29697799683
00000405_undistorted_crop.jpg -7.15265464783 -0.166461467743 5.32918930054
00000406_undistorted_crop.jpg -7.13521766663 -0.166905403137 5.36286306381
00000407_undistorted_crop.jpg -7.11536073685 -0.156481981277 5.38597488403
00000408_undistorted_crop.jpg -7.08591556549 -0.17556643486 5.38626813889
00000409_undistorted_crop.jpg -7.09617853165 -0.155167341232 5.40490198135
00000410_undistorted_crop.jpg -7.09813404083 -0.150631904602 5.40811538696
00000411_undistorted_crop.jpg -7.07636785507 -0.164350986481 5.38605260849
00000412_undistorted_crop.jpg -7.10016536713 -0.144072055817 5.42209148407
00000413_undistorted_crop.jpg -7.08049869537 -0.148361682892 5.41082191467
00000414_undistorted_crop.jpg -7.07199859619 -0.155426502228 5.39126348495
00000415_undistorted_crop.jpg -7.09822368622 -0.146191596985 5.40955162048
00000416_undistorted_crop.jpg -7.08252334595 -0.158447742462 5.38498783112
00000417_undistorted_crop.jpg -7.08649015427 -0.15483379364 5.38360595703
00000418_undistorted_crop.jpg -7.08865308762 -0.151645898819 5.38456535339
00000419_undistorted_crop.jpg -7.10856056213 -0.14900970459 5.38567733765
00000420_undistorted_crop.jpg -7.09307336807 -0.150267601013 5.38443660736
00000421_undistorted_crop.jpg -7.09204053879 -0.148138284683 5.38316822052
00000422_undistorted_crop.jpg -7.08929920197 -0.150774478912 5.38522434235
00000423_undistorted_crop.jpg -7.09198093414 -0.14914226532 5.39004802704
00000424_undistorted_crop.jpg -7.08316230774 -0.160140037537 5.38343238831
00000425_undistorted_crop.jpg -7.09017419815 -0.153843164444 5.38341903687
00000426_undistorted_crop.jpg -7.11184310913 -0.146726369858 5.38504695892
00000427_undistorted_crop.jpg -7.11705684662 -0.153713464737 5.38489151001
00000428_undistorted_crop.jpg -7.11967897415 -0.15821313858 5.38636493683
00000429_undistorted_crop.jpg -7.1109251976 -0.160990953445 5.38599681854
00000430_undistorted_crop.jpg -7.12294244766 -0.142580509186 5.38443517685
00000431_undistorted_crop.jpg -7.10979270935 -0.153429508209 5.3848991394
00000432_undistorted_crop.jpg -7.11713600159 -0.156580924988 5.37309265137
00000433_undistorted_crop.jpg -7.11757230759 -0.153403520584 5.38574886322
00000434_undistorted_crop.jpg -7.1222038269 -0.153712511063 5.38505744934
00000435_undistorted_crop.jpg -7.1276922226 -0.154374361038 5.3830242157
00000436_undistorted_crop.jpg -7.1248216629 -0.15730714798 5.3876953125
00000437_undistorted_crop.jpg -7.13685178757 -0.153070211411 5.38769102097
00000438_undistorted_crop.jpg -7.13309526443 -0.156909227371 5.38754177094
00000439_undistorted_crop.jpg -7.10872077942 -0.170094013214 5.38569927216
00000440_undistorted_crop.jpg -7.13076448441 -0.166366577148 5.39976787567
00000441_undistorted_crop.jpg -7.14305591583 -0.164660453796 5.40714454651
00000442_undistorted_crop.jpg -7.13618850708 -0.170484542847 5.41246795654
00000443_undistorted_crop.jpg -7.13648319244 -0.17413520813 5.42212581635
00000444_undistorted_crop.jpg -7.13246917725 -0.178250074387 5.43486690521
00000445_undistorted_crop.jpg -7.13421010971 -0.173373222351 5.46719360352
00000446_undistorted_crop.jpg -7.13982725143 -0.173261165619 5.49456977844
00000447_undistorted_crop.jpg -7.14484262466 -0.167544603348 5.53267049789
00000448_undistorted_crop.jpg -7.15019607544 -0.169187784195 5.56456184387
00000449_undistorted_crop.jpg -7.15477085114 -0.156904697418 5.62926149368
00000450_undistorted_crop.jpg -7.14864635468 -0.160828113556 5.6742310524
00000451_undistorted_crop.jpg -7.16048526764 -0.161765813828 5.7352514267
00000452_undistorted_crop.jpg -7.18106508255 -0.16070151329 5.78886318207
00000453_undistorted_crop.jpg -7.18965101242 -0.159866333008 5.81521272659
00000454_undistorted_crop.jpg -7.20471715927 -0.171226739883 5.81636857986
00000455_undistorted_crop.jpg -7.24329280853 -0.173894405365 5.82018184662
00000456_undistorted_crop.jpg -7.32343292236 -0.180842638016 5.81448078156
00000457_undistorted_crop.jpg -7.41755104065 -0.174969673157 5.78112506866
00000458_undistorted_crop.jpg -7.55240726471 -0.179777622223 5.74327087402
00000459_undistorted_crop.jpg -7.70699262619 -0.183678150177 5.68636369705
00000460_undistorted_crop.jpg -7.83475971222 -0.199259281158 5.62085819244
00000461_undistorted_crop.jpg -7.98584747314 -0.196299552917 5.59867572784
00000462_undistorted_crop.jpg -8.09627246857 -0.182697296143 5.58143615723
00000463_undistorted_crop.jpg -8.182513237 -0.195304870605 5.57314872742
00000464_undistorted_crop.jpg -8.24603462219 -0.193287372589 5.57159328461
00000465_undistorted_crop.jpg -8.30851268768 -0.189604282379 5.58220100403
00000466_undistorted_crop.jpg -8.35005378723 -0.195044517517 5.58384895325
00000467_undistorted_crop.jpg -8.39197540283 -0.186777591705 5.58967590332
00000468_undistorted_crop.jpg -8.41769599915 -0.1848320961 5.59908008575
00000469_undistorted_crop.jpg -8.42991638184 -0.192150592804 5.6007194519
00000470_undistorted_crop.jpg -8.42814064026 -0.183856487274 5.63203573227
00000471_undistorted_crop.jpg -8.3947763443 -0.188784599304 5.66447734833
00000472_undistorted_crop.jpg -8.35495376587 -0.18156003952 5.72070598602
00000473_undistorted_crop.jpg -8.28668212891 -0.199816703796 5.7765417099
00000474_undistorted_crop.jpg -8.14277839661 -0.285497188568 5.83101987839
00000475_undistorted_crop.jpg -7.99186372757 -0.302245140076 5.96777153015
00000476_undistorted_crop.jpg -7.79583358765 -0.322699546814 6.1250667572
00000477_undistorted_crop.jpg -7.53232049942 -0.339232444763 6.25190591812
00000478_undistorted_crop.jpg -7.30736875534 -0.3394780159 6.46192502975
00000479_undistorted_crop.jpg -7.08269929886 -0.390195846558 6.62012195587
00000480_undistorted_crop.jpg -6.93731021881 -0.415521144867 6.78152513504
00000481_undistorted_crop.jpg -6.8378610611 -0.40583562851 6.94204282761
00000482_undistorted_crop.jpg -6.79368448257 -0.413479089737 7.07580661774
00000483_undistorted_crop.jpg -6.81755781174 -0.397518396378 7.2137336731
00000484_undistorted_crop.jpg -6.92652511597 -0.390676021576 7.33161258698
00000485_undistorted_crop.jpg -7.06783008575 -0.361920833588 7.44679355621
00000486_undistorted_crop.jpg -7.19491577148 -0.366679191589 7.5584859848
00000487_undistorted_crop.jpg -7.28368282318 -0.38115978241 7.65404510498
00000488_undistorted_crop.jpg -7.3555688858 -0.399137020111 7.74814605713
00000489_undistorted_crop.jpg -7.40391635895 -0.402321815491 7.84516191483
00000490_undistorted_crop.jpg -7.43269872665 -0.41818523407 7.94789505005
00000491_undistorted_crop.jpg -7.42827987671 -0.421295642853 8.08642101288
00000492_undistorted_crop.jpg -7.38842391968 -0.413549900055 8.23848342896
00000493_undistorted_crop.jpg -7.32604074478 -0.458899021149 8.3622674942
00000494_undistorted_crop.jpg -7.26149463654 -0.489505767822 8.51453018188
00000495_undistorted_crop.jpg -7.19514751434 -0.504900455475 8.65962982178
00000496_undistorted_crop.jpg -7.14333629608 -0.525051593781 8.79329490662
00000497_undistorted_crop.jpg -7.08577299118 -0.517434597015 8.89394569397
00000498_undistorted_crop.jpg -7.03079366684 -0.545639038086 8.94639778137
00000499_undistorted_crop.jpg -6.97709751129 -0.550685405731 8.98386955261
00000500_undistorted_crop.jpg -6.88687515259 -0.579091072083 8.98544692993
00000501_undistorted_crop.jpg -6.80069589615 -0.609248638153 8.96492576599
00000502_undistorted_crop.jpg -7.05077075958 -0.207464456558 9.13297176361
00000503_undistorted_crop.jpg -7.02764511108 -0.129388570786 8.9701089859
00000504_undistorted_crop.jpg -6.94577693939 -0.0954568386078 8.8073387146
00000505_undistorted_crop.jpg -6.8330655098 -0.0671764612198 8.66659641266
00000506_undistorted_crop.jpg -6.66231918335 -0.0532923042774 8.508934021
00000507_undistorted_crop.jpg -6.48888587952 -0.0385106056929 8.32574367523
00000508_undistorted_crop.jpg -6.24810123444 -0.0100458264351 8.14332389832
00000509_undistorted_crop.jpg -5.88159179688 -0.179956674576 8.08172798157
00000510_undistorted_crop.jpg -6.46498012543 -0.705218911171 8.0244178772
00000511_undistorted_crop.jpg -6.13021087646 -0.670946717262 7.75155353546
00000512_undistorted_crop.jpg -6.05704307556 -0.755532026291 7.81267595291
00000513_undistorted_crop.jpg -5.79291915894 -0.666308403015 7.52101135254
00000514_undistorted_crop.jpg -5.6594877243 -0.632758378983 7.39751243591
00000515_undistorted_crop.jpg -5.52003240585 -0.589559078217 7.1652431488
00000516_undistorted_crop.jpg -5.46651554108 -0.529055833817 6.89019680023
00000517_undistorted_crop.jpg -5.33025121689 -0.509478330612 6.56718206406
00000518_undistorted_crop.jpg -5.23545455933 -0.472473621368 6.22088241577
00000519_undistorted_crop.jpg -5.20476913452 -0.505305290222 5.90762853622
00000520_undistorted_crop.jpg -5.15172767639 -0.561362266541 5.61935758591
00000521_undistorted_crop.jpg -5.0910615921 -0.624233961105 5.37213039398
00000522_undistorted_crop.jpg -4.98315572739 -0.610980510712 5.09355926514
00000523_undistorted_crop.jpg -4.85939311981 -0.610347986221 4.82765483856
00000524_undistorted_crop.jpg -4.71506690979 -0.592744588852 4.54392004013
00000525_undistorted_crop.jpg -4.51227712631 -0.496118068695 4.2317237854
00000526_undistorted_crop.jpg -4.31367206573 -0.452110528946 3.95436000824
00000527_undistorted_crop.jpg -4.10110282898 -0.47029209137 3.66747093201
00000528_undistorted_crop.jpg -4.00019264221 -0.581582784653 3.42280983925
00000529_undistorted_crop.jpg -3.93302345276 -0.702122092247 3.13670706749
00000530_undistorted_crop.jpg -3.70149040222 -0.643285274506 2.84393548965
00000531_undistorted_crop.jpg -3.61025238037 -0.634669780731 2.55383706093
00000532_undistorted_crop.jpg -3.48646354675 -0.600867390633 2.22472333908
00000533_undistorted_crop.jpg -3.41176629066 -0.613886237144 1.89898180962
00000534_undistorted_crop.jpg -3.31108355522 -0.704139471054 1.55621170998
00000535_undistorted_crop.jpg -3.13778686523 -0.738855838776 1.25518846512
00000536_undistorted_crop.jpg -2.96421074867 -0.758662462234 0.983650505543
00000537_undistorted_crop.jpg -2.77754354477 -0.758238255978 0.741299390793
00000538_undistorted_crop.jpg -2.56308078766 -0.727240920067 0.484070777893
00000539_undistorted_crop.jpg -2.29183721542 -0.654789030552 0.258193016052
00000540_undistorted_crop.jpg -1.99666714668 -0.605476558208 0.0611070990562
00000541_undistorted_crop.jpg -1.6890103817 -0.612724423409 -0.116865992546
00000542_undistorted_crop.jpg -1.46849989891 -0.706916451454 -0.267579555511
00000543_undistorted_crop.jpg -1.23287713528 -0.777582406998 -0.425822645426
00000544_undistorted_crop.jpg -0.967357933521 -0.770117580891 -0.600559175014
00000545_undistorted_crop.jpg -0.710099101067 -0.75674033165 -0.791861951351
00000546_undistorted_crop.jpg -0.45241522789 -0.709957122803 -0.992756068707
00000547_undistorted_crop.jpg -0.217161685228 -0.677951276302 -1.20276379585
00000548_undistorted_crop.jpg 0.0196451917291 -0.728309512138 -1.42558908463
00000549_undistorted_crop.jpg 0.259988993406 -0.768097639084 -1.6351903677
00000550_undistorted_crop.jpg 0.471765428782 -0.834257125854 -1.76190423965
00000551_undistorted_crop.jpg 0.732783317566 -0.84156113863 -1.86773633957
00000552_undistorted_crop.jpg 1.02190542221 -0.854345679283 -1.90928351879
00000553_undistorted_crop.jpg 1.20685863495 -0.758831858635 -1.94851601124
00000554_undistorted_crop.jpg 1.52750468254 -0.732267796993 -1.92092764378
00000555_undistorted_crop.jpg 1.80260300636 -0.687711954117 -1.87446045876
00000556_undistorted_crop.jpg 2.10813689232 -0.704467535019 -1.78947544098
00000557_undistorted_crop.jpg 2.37820959091 -0.728909552097 -1.72422027588
00000558_undistorted_crop.jpg 2.63128352165 -0.750383019447 -1.65667366982
00000559_undistorted_crop.jpg 2.90019607544 -0.74534034729 -1.61532711983
00000560_undistorted_crop.jpg 3.16583013535 -0.731253147125 -1.59435069561
00000561_undistorted_crop.jpg 3.43270993233 -0.702466845512 -1.56917929649
00000562_undistorted_crop.jpg 3.67084264755 -0.677025794983 -1.5662214756
00000563_undistorted_crop.jpg 3.96444892883 -0.638416290283 -1.59043359756
00000564_undistorted_crop.jpg 4.15701007843 -0.695591568947 -1.73656654358
00000565_undistorted_crop.jpg 4.46543121338 -0.697835803032 -1.68121886253
00000566_undistorted_crop.jpg 4.82131671906 -0.706858754158 -1.93193078041
00000567_undistorted_crop.jpg 5.30000114441 -0.675574541092 -1.92947494984
00000568_undistorted_crop.jpg 5.30039834976 -0.675594687462 -1.92874503136
00000569_undistorted_crop.jpg 5.41490650177 -0.752610445023 -1.79395639896
00000570_undistorted_crop.jpg 5.55052947998 -0.811079859734 -1.52014970779
00000571_undistorted_crop.jpg 5.82569694519 -0.821286201477 -1.16759753227
00000572_undistorted_crop.jpg 5.9552936554 -0.897426128387 -1.09781455994
00000573_undistorted_crop.jpg 6.17363882065 -0.89799785614 -1.18876099586
00000574_undistorted_crop.jpg 6.2769241333 -0.938504755497 -1.26930367947
00000575_undistorted_crop.jpg 6.36369180679 -0.99008589983 -1.32982730865
00000576_undistorted_crop.jpg 6.44783115387 -0.966580927372 -1.40113055706
00000577_undistorted_crop.jpg 6.48305702209 -1.00260400772 -1.44090747833
00000578_undistorted_crop.jpg 6.49071931839 -1.07390451431 -1.48815083504
00000579_undistorted_crop.jpg 6.5226316452 -1.09191179276 -1.49105775356
00000580_undistorted_crop.jpg 6.55477762222 -1.1098716259 -1.51077413559
00000581_undistorted_crop.jpg 6.56166362762 -1.10791540146 -1.5499355793
00000582_undistorted_crop.jpg 6.64424657822 -1.08176994324 -1.82354223728
00000583_undistorted_crop.jpg 6.6656703949 -0.961775422096 -2.26605033875
00000584_undistorted_crop.jpg 6.7408452034 -0.932282090187 -2.83759832382
00000585_undistorted_crop.jpg 6.70772075653 -0.980059623718 -3.16747808456
00000586_undistorted_crop.jpg 6.70065832138 -1.05103290081 -3.63790273666
00000587_undistorted_crop.jpg 6.71631097794 -0.950041055679 -4.03199005127
00000588_undistorted_crop.jpg 6.66262960434 -0.882970333099 -4.21539068222
00000589_undistorted_crop.jpg 6.62024927139 -0.749596118927 -4.35107374191
00000590_undistorted_crop.jpg 6.50020027161 -0.605957508087 -4.37123441696
00000591_undistorted_crop.jpg 6.39025688171 -0.483977079391 -4.37278747559
00000592_undistorted_crop.jpg 6.16488838196 -0.406651735306 -4.27344799042
00000593_undistorted_crop.jpg 6.03848791122 -0.322664499283 -4.24301815033
00000594_undistorted_crop.jpg 5.85344219208 -0.359282970428 -4.08587932587
00000595_undistorted_crop.jpg 5.68593788147 -0.384680986404 -3.92869305611
00000596_undistorted_crop.jpg 5.5873913765 -0.386739492416 -3.80862092972
00000597_undistorted_crop.jpg 5.4897851944 -0.386077165604 -3.70275163651
00000598_undistorted_crop.jpg 5.42562675476 -0.387159109116 -3.61918520927
00000599_undistorted_crop.jpg 5.38884305954 -0.395920038223 -3.55065560341
00000600_undistorted_crop.jpg 5.3861746788 -0.410101890564 -3.50409722328
00000601_undistorted_crop.jpg 5.39201831818 -0.403017997742 -3.45053458214
00000602_undistorted_crop.jpg 5.41112709045 -0.384990096092 -3.42223954201
00000603_undistorted_crop.jpg 5.43279600143 -0.370862483978 -3.39342617989
00000604_undistorted_crop.jpg 5.42699146271 -0.375691652298 -3.37840795517
00000605_undistorted_crop.jpg 5.42081546783 -0.380668520927 -3.36294221878
00000606_undistorted_crop.jpg 5.42627811432 -0.361114501953 -3.37744140625
00000607_undistorted_crop.jpg 5.43066501617 -0.353572368622 -3.38270068169
00000608_undistorted_crop.jpg 5.43256521225 -0.353403568268 -3.39302492142
00000609_undistorted_crop.jpg 5.44545221329 -0.357939481735 -3.40288257599
00000610_undistorted_crop.jpg 5.44846010208 -0.308900594711 -3.42341184616
00000611_undistorted_crop.jpg 5.43975782394 -0.261564254761 -3.34114170074
00000612_undistorted_crop.jpg 5.40120792389 -0.217674255371 -3.24062609673
00000613_undistorted_crop.jpg 5.36748743057 -0.183641910553 -3.18655657768
00000614_undistorted_crop.jpg 5.34415531158 -0.162377119064 -3.17311906815
00000615_undistorted_crop.jpg 5.35758113861 -0.150760889053 -3.15615820885
00000616_undistorted_crop.jpg 5.3635187149 -0.14560675621 -3.15411949158
00000617_undistorted_crop.jpg 5.36239528656 -0.148246526718 -3.154733181
00000618_undistorted_crop.jpg 5.36448097229 -0.14596414566 -3.15440964699
00000619_undistorted_crop.jpg 5.36668109894 -0.144531011581 -3.15314674377
00000620_undistorted_crop.jpg 5.37086200714 -0.149324893951 -3.17151594162
00000621_undistorted_crop.jpg 5.36724042892 -0.157405376434 -3.17922544479
00000622_undistorted_crop.jpg 5.40994167328 -0.162278413773 -3.22895383835
00000623_undistorted_crop.jpg 5.4395866394 -0.18193936348 -3.27072191238
00000624_undistorted_crop.jpg 5.47020053864 -0.197339296341 -3.32820796967
00000625_undistorted_crop.jpg 5.48953104019 -0.191681861877 -3.37351536751
00000626_undistorted_crop.jpg 5.51219654083 -0.188744068146 -3.37351465225
00000627_undistorted_crop.jpg 5.50904178619 -0.194183588028 -3.37736129761
00000628_undistorted_crop.jpg 5.5089597702 -0.19647026062 -3.37739944458
00000629_undistorted_crop.jpg 5.52839565277 -0.189434051514 -3.40010976791
