SKE
723 14
34 0
148 225 241 242 243 248 250 251 263 266 267 378 379 380 381 394 445 455 477 478 480 481 485 488 497 498 627 638 646 654 663 665 670 712 

35 0
135 136 137 148 149 153 155 176 212 225 248 251 257 262 263 266 267 283 318 319 321 378 380 394 477 483 485 488 498 626 646 652 653 654 663 

47 0
102 121 127 129 130 160 186 197 230 256 268 302 310 311 312 313 360 370 371 388 390 411 413 420 424 425 450 458 459 462 489 490 493 496 651 656 674 677 682 685 695 697 698 700 707 708 709 

46 0
95 96 99 101 102 116 121 127 134 159 160 161 162 164 171 185 255 256 299 302 306 313 330 331 336 339 340 341 342 343 345 347 349 360 371 373 391 402 411 413 430 658 659 660 716 720 

26 0
95 99 101 126 127 134 185 186 189 191 312 313 360 371 388 390 391 400 426 616 620 622 714 716 718 720 

30 0
185 186 191 194 309 347 349 353 373 383 396 400 430 468 469 624 633 634 636 637 638 640 649 670 684 694 704 710 711 721 

35 0
471 507 509 513 516 535 546 552 559 561 573 574 578 580 581 583 586 587 588 589 590 593 595 596 597 599 601 605 606 607 608 609 612 614 615 

29 0
507 509 510 513 515 516 522 523 524 527 531 535 546 552 557 559 561 573 574 575 578 581 586 603 604 618 623 625 662 

40 0
96 126 127 135 136 137 148 149 196 197 211 212 220 223 225 229 230 241 242 249 255 256 268 272 274 318 319 321 322 323 326 390 448 461 475 477 625 646 662 697 

27 0
126 220 223 243 256 274 281 283 312 318 319 322 388 409 445 448 455 461 477 623 625 626 643 662 695 697 700 

25 0
126 274 283 318 319 322 455 461 478 480 643 644 645 646 664 665 666 667 668 669 686 688 697 698 700 

49 0
99 116 118 126 132 133 134 135 136 137 148 149 152 153 155 176 200 203 205 257 262 270 272 292 293 294 295 299 322 336 342 385 386 392 402 446 464 475 488 498 636 658 659 660 665 666 669 701 703 

41 0
95 96 121 126 127 129 130 160 161 189 191 193 194 302 304 313 315 316 354 356 357 383 393 426 428 429 447 457 465 470 471 505 507 509 510 511 512 513 515 518 680 

39 0
95 127 245 302 306 309 313 316 349 353 354 357 360 366 368 370 374 378 379 380 381 393 396 400 403 426 447 466 469 618 620 622 626 673 714 716 717 718 720 

